31760
27434
26726
32596
28775
28528
28350
27665
32555
27361
32065
32589
33830
30989
27234
31359
29978
26782
26766
27289
28313
28427
30661
31453
26739
31119
28150
32387
31845
32267
30986
29958
28327
30201
31349
28800
33152
33643
26575
32738
33123
27829
32241
29984
29309
28798
27795
28285
34363
32776
29279
27359
27281
29634
27314
29462
33464
29339
31467
28688
33133
26877
32499
30285
30914
27544
34493
34077
29622
27167
31044
28923
33316
31671
31588
33775
33581
29484
31251
28097
32293
27091
26897
31939
28388
32854
28892
27175
33528
28429
33620
27349
29635
28799
30236
31729
33355
29510
27854
29554