5063 5612 5994 5319 5693 5376 5935 5610 5244 5100 5380 5620 5966 5342 6030 6048 5848 5150 5747 5466 5686 5133 5218 5360 5926 5275 6045 5975 5490 5670 5799 5423 5643
5064 5466 5799 5804 5967 5966 5391 5243 5848 5133 5100 6048 5686 5360 5423 5275 5747 5342 5670 5693 5994 5244 6030 5490 5643 5088 5926 5226 6017 5150 5319 5858 5935
5066 5930 6001 5620 5218 5609 5906 6045 6002 5380 5335 5935 5978 5610 5622 5975 6030 5799 5973 5762 5981 5686 5100 5612 5360 5385 5490 5670 5617 5737 5150 5342 5966
5067 5483 5890 5801 5121 5827 5599 5985 5892 5791 5772 5410 5205 5387 5413 6018 5781 5167 5164 5884 5093 5404 5903 5879 5416 5703 5419 5271 5408 5096 5767 5956
5068 5612 5994 5319 5693 5376 5935 5610 5244 5100 5380 5620 5966 5342 6030 6048 5848 5150 5747 5466 5686 5133 5218 5360 5926 5275 6045 5975 5490 5670 5799 5423 5643
5069 5767 5096 5410 5703 5205 5956 5271 5781 5892 5067 5408 5167 5827 6018 5801 5121 5164 5791 5416 5772 5985 5884 5387 5890 5093 5903 5879 5404 5413 5419 5599 5483
5070 5466 5799 5804 5967 5966 5391 5243 5848 5133 5100 6048 5686 5360 5423 5275 5747 5342 5670 5693 5994 5244 6030 5490 5643 5088 5926 5226 6017 5150 5319 5858 5935
5072 5612 5994 5319 5693 5376 5935 5610 5244 5100 5380 5620 5966 5342 6030 6048 5848 5150 5747 5466 5686 5133 5218 5360 5926 5275 6045 5975 5490 5670 5799 5423 5643
5088 5935 5643 5275 5747 5360 5858 5244 5133 5670 5100 5804 5966 5490 5150 5423 5848 5686 5342 6030 5994 6017 5926 5226 5693 5967 5319 5243 6048 5799 5466 5391
5090 5612 5994 5319 5693 5376 5935 5610 5244 5100 5380 5620 5966 5342 6030 6048 5848 5150 5747 5466 5686 5133 5218 5360 5926 5275 6045 5975 5490 5670 5799 5423 5643
5093 5483 5890 5801 5121 5827 5599 5985 5892 5791 5067 5410 5205 5387 5413 6018 5781 5167 5164 5884 5772 5404 5903 5879 5416 5703 5419 5271 5408 5096 5767 5956
5096 5801 5956 5167 5419 5772 6018 5781 5599 5685 5890 5164 5067 5093 5827 5205 5416 5767 5879 5985 5884 5892 5404 5703 5271 5387 5408 5121 5791 5483 5410 5413
5100 5643 5926 6048 5693 5342 5423 5133 5244 5747 5380 5319 5376 5360 5670 6030 5848 5966 5150 5218 5686 5490 6045 5975 5466 5275 5799 5610 5620 5994 5612 5935
5109 5930 6001 5620 5218 5609 5906 6045 6002 5380 5335 5935 5978 5610 5622 5975 6030 5799 5973 5762 5981 5686 5100 5612 5360 5385 5490 5670 5617 5737 5150 5342 5966
5116 5410 5483 5164 5387 5067 5413 5121 5416 5599 5096 5791 5767 5772 5205 5167 5419 5879 5903 5271 5890 5781 5985 5093 5956 5884 5404 5703 5892 5827 5408 6018 5801
5117 5466 5799 5804 5967 5966 5391 5243 5848 5133 5100 6048 5686 5360 5423 5275 5747 5342 5670 5693 5994 5244 6030 5490 5643 5088 5926 5226 6017 5150 5319 5858 5935
5118 5612 5994 5319 5693 5376 5935 5610 5244 5100 5380 5620 5966 5342 6030 6048 5848 5150 5747 5466 5686 5133 5218 5360 5926 5275 6045 5975 5490 5670 5799 5423 5643
5121 5483 5890 5801 5703 5827 5599 5985 5892 5791 5067 5410 5205 5387 5413 6018 5781 5167 5164 5884 5772 5404 5903 5879 5416 5093 5419 5271 5408 5096 5767 5956
5124 5466 5799 5804 5967 5966 5391 5243 5848 5133 5100 6048 5686 5360 5423 5275 5747 5342 5670 5693 5994 5244 6030 5490 5643 5088 5926 5226 6017 5150 5319 5858 5935
5126 5466 5799 5804 5967 5966 5391 5243 5848 5133 5100 6048 5686 5360 5423 5275 5747 5342 5670 5693 5994 5244 6030 5490 5643 5088 5926 5226 6017 5150 5319 5858 5935
5133 5935 5643 5275 5967 5360 5858 5244 5848 5670 5100 5804 5966 5490 5150 5423 5747 5686 5342 6030 5994 6017 5926 5226 5693 5088 5319 5243 6048 5799 5466 5391
5150 5643 5926 6048 5693 5342 5423 5133 5244 5100 5380 5319 5376 5360 5670 6030 5848 5966 5747 5218 5686 5490 6045 5975 5466 5275 5799 5610 5620 5994 5612 5935
5154 5466 5799 5804 5967 5966 5391 5243 5848 5133 5100 6048 5686 5360 5423 5275 5747 5342 5670 5693 5994 5244 6030 5490 5643 5088 5926 5226 6017 5150 5319 5858 5935
5160 5767 5096 5410 5703 5205 5956 5271 5781 5892 5067 5408 5167 5827 6018 5801 5121 5164 5791 5416 5772 5985 5884 5387 5890 5093 5903 5879 5404 5413 5419 5599 5483
5161 5767 5096 5410 5703 5205 5956 5271 5781 5892 5067 5408 5167 5827 6018 5801 5121 5164 5791 5416 5772 5985 5884 5387 5890 5093 5903 5879 5404 5413 5419 5599 5483
5162 5767 5096 5410 5703 5205 5956 5271 5781 5892 5067 5408 5167 5827 6018 5801 5121 5164 5791 5416 5772 5985 5884 5387 5890 5093 5903 5879 5404 5413 5419 5599 5483
5164 5483 5890 5801 5703 5827 5599 5985 5781 5892 5067 5410 5205 5387 5413 6018 5121 5167 5791 5884 5772 5404 5903 5879 5416 5093 5419 5271 5408 5096 5767 5956
5167 5483 5890 5801 5703 5827 5599 5985 5781 5892 5067 5410 5205 5387 5413 6018 5121 5164 5791 5884 5772 5404 5903 5879 5416 5093 5419 5271 5408 5096 5767 5956
5205 5483 5890 5801 5703 5827 5599 5985 5781 5892 5067 5410 5167 5387 5413 6018 5121 5164 5791 5884 5772 5404 5903 5879 5416 5093 5419 5271 5408 5096 5767 5956
5206 5466 5799 5804 5967 5966 5391 5243 5848 5133 5100 6048 5686 5360 5423 5275 5747 5342 5670 5693 5994 5244 6030 5490 5643 5088 5926 5226 6017 5150 5319 5858 5935
5207 5466 5799 5804 5967 5966 5391 5243 5848 5133 5100 6048 5686 5360 5423 5275 5747 5342 5670 5693 5994 5244 6030 5490 5643 5088 5926 5226 6017 5150 5319 5858 5935
5209 5466 5799 5804 5967 5966 5391 5243 5848 5133 5100 6048 5686 5360 5423 5275 5747 5342 5670 5693 5994 5244 6030 5490 5643 5088 5926 5226 6017 5150 5319 5858 5935
5214 5466 5799 5804 5967 5966 5391 5243 5848 5133 5100 6048 5686 5360 5423 5275 5747 5342 5670 5693 5994 5244 6030 5490 5643 5088 5926 5226 6017 5150 5319 5858 5935
5216 5767 5096 5410 5703 5205 5956 5271 5781 5892 5067 5408 5167 5827 6018 5801 5121 5164 5791 5416 5772 5985 5884 5387 5890 5093 5903 5879 5404 5413 5419 5599 5483
5217 6030 5799 5975 6001 5610 5335 5100 5380 5670 6002 5620 5609 5612 5490 5622 5737 5978 5966 5981 5935 5617 5686 5360 5762 5218 5385 6045 5342 5150 5930 5906 5973
5218 5966 5360 5975 6030 5610 5342 5686 5380 5973 5335 5620 5609 5612 5737 5622 6002 5978 5799 5100 5981 5617 5490 5670 5762 5385 5150 6045 5935 6001 5930 5906
5219 5930 6001 5620 5218 5609 5906 6045 6002 5380 5335 5935 5978 5610 5622 5975 6030 5799 5973 5762 5981 5686 5100 5612 5360 5385 5490 5670 5617 5737 5150 5342 5966
5226 5527 5275 5244 5843 5830 5926 6002 5088 5967 5466 5243 5133 6059 6048 6017 5994 5848 5747 5294 5804 6031 5998 5207 5423 5935 5643 5976 5858 5391 5693 5319
5228 5466 5799 5804 5967 5966 5391 5243 5848 5133 5100 6048 5686 5360 5423 5275 5747 5342 5670 5693 5994 5244 6030 5490 5643 5088 5926 5226 6017 5150 5319 5858 5935
5233 5466 5799 5804 5967 5966 5391 5243 5848 5133 5100 6048 5686 5360 5423 5275 5747 5342 5670 5693 5994 5244 6030 5490 5643 5088 5926 5226 6017 5150 5319 5858 5935
5237 5767 5096 5410 5703 5205 5956 5271 5781 5892 5067 5408 5167 5827 6018 5801 5121 5164 5791 5416 5772 5985 5884 5387 5890 5093 5903 5879 5404 5413 5419 5599 5483
5239 5767 5096 5410 5703 5205 5956 5271 5781 5892 5067 5408 5167 5827 6018 5801 5121 5164 5791 5416 5772 5985 5884 5387 5890 5093 5903 5879 5404 5413 5419 5599 5483
5243 5935 5643 5275 5967 5966 5858 5244 5848 5133 5100 5804 5686 5360 5150 5423 5747 5342 5670 6030 5994 6017 5926 5490 5693 5088 5319 5226 6048 5799 5466 5391
5244 5935 5643 5275 5967 5966 5858 5243 5848 5133 5100 5804 5686 5360 5150 5423 5747 5342 5670 6030 5994 6017 5926 5490 5693 5088 5319 5226 6048 5799 5466 5391
5245 5466 5799 5804 5967 5966 5391 5243 5848 5133 5100 6048 5686 5360 5423 5275 5747 5342 5670 5693 5994 5244 6030 5490 5643 5088 5926 5226 6017 5150 5319 5858 5935
5259 5612 5994 5319 5693 5376 5935 5610 5244 5100 5380 5620 5966 5342 6030 6048 5848 5150 5804 5466 5686 5133 5218 5360 5926 5275 6045 5226 5490 5670 5799 5423 5643
5265 5466 5799 5804 5967 5966 5391 5243 5848 5133 5100 6048 5686 5360 5423 5275 5747 5342 5670 5693 5994 5244 6030 5490 5643 5088 5926 5226 6017 5150 5319 5858 5935
5271 5483 5890 5801 5703 5205 5599 5985 5781 5892 5067 5410 5167 5827 5413 6018 5121 5164 5791 5884 5772 5404 5903 5387 5416 5093 5419 5879 5408 5096 5767 5956
5274 5930 6001 5620 5218 5609 5906 6045 6002 5380 5335 5935 5978 5610 5622 5975 6030 5799 5973 5762 5981 5686 5100 5612 5360 5385 5490 5670 5617 5737 5150 5342 5966
5275 5935 5643 5804 5967 5966 5858 5243 5848 5133 5100 6048 5686 5360 5150 5423 5747 5342 5670 6030 5994 5244 5926 5490 5693 5088 5319 5226 6017 5799 5466 5391
5292 5466 5799 5804 5967 5966 5391 5243 5848 5133 5100 6048 5686 5360 5423 5275 5747 5342 5670 5693 5994 5244 6030 5490 5643 5088 5926 5226 6017 5150 5319 5858 5935
5293 6048 5926 5133 5244 5342 5380 5747 5100 5848 5686 5466 5643 5360 5670 6030 5975 5966 5150 5376 5620 5490 5610 5612 5218 5994 5799 6045 5423 5275 5693 5935 5319
5294 5466 5799 5804 5967 5966 5391 5243 5848 5133 5100 6048 5686 5360 5423 5275 5747 5342 5670 5693 5994 5244 6030 5490 5643 5088 5926 5226 6017 5150 5319 5858 5935
5295 5466 5799 5804 5967 5966 5391 5243 5848 5133 5100 6048 5686 5360 5423 5275 5747 5342 5670 5693 5994 5244 6030 5490 5643 5088 5926 5226 6017 5150 5319 5858 5935
5297 5466 5799 5804 5967 5966 5391 5243 5848 5133 5100 6048 5686 5360 5423 5275 5747 5342 5670 5693 5994 5244 6030 5490 5643 5088 5926 5226 6017 5150 5319 5858 5935
5298 5466 5799 5804 5967 5966 5391 5243 5848 5133 5100 6048 5686 5360 5423 5275 5747 5342 5670 5693 5994 5244 6030 5490 5643 5088 5926 5226 6017 5150 5319 5858 5935
5308 5466 5799 5804 5967 5966 5391 5243 5848 5133 5100 6048 5686 5360 5423 5275 5747 5342 5670 5693 5994 5244 6030 5490 5643 5088 5926 5226 6017 5150 5319 5858 5935
5317 5466 5799 5804 5967 5966 5391 5243 5848 5133 5100 6048 5686 5360 5423 5275 5747 5342 5670 5693 5994 5244 6030 5490 5643 5088 5926 5226 6017 5150 5319 5858 5935
5319 5935 5799 5804 5967 5966 5858 5243 5848 5133 5100 6048 5686 5360 5423 5275 5747 5342 5670 5693 5994 5244 6030 5490 5643 5088 5926 5226 6017 5150 5466 5391
5322 5466 5799 5804 5967 5966 5391 5243 5848 5133 5100 6048 5686 5360 5423 5275 5747 5342 5670 5693 5994 5244 6030 5490 5643 5088 5926 5226 6017 5150 5319 5858 5935
5327 5466 5799 5804 5967 5966 5391 5243 5848 5133 5100 6048 5686 5360 5423 5275 5747 5342 5670 5693 5994 5244 6030 5490 5643 5088 5926 5226 6017 5150 5319 5858 5935
5330 5164 5093 5416 6018 5801 5827 5956 5408 5903 5271 5884 5985 6054 5067 5419 5599 5945 5404 5121 5239 5767 5781 5890 5703 5410 5892 5483 5413 5772 5791 5205 5167
5335 6048 5466 6030 5975 5360 5380 5490 5693 5150 5620 5133 5342 5643 5686 5670 5100 5275 5966 5747 5926 5423 5610 5612 6045 5848 5799 5244 5218 5994 5376 5935 5319
5340 5466 5799 5804 5967 5966 5391 5243 5848 5133 5100 6048 5686 5360 5423 5275 5747 5342 5670 5693 5994 5244 6030 5490 5643 5088 5926 5226 6017 5150 5319 5858 5935
5342 5643 5926 6048 5693 5376 5423 5133 5244 5100 5380 5319 5966 5360 5670 6030 5848 5150 5747 5218 5686 5490 6045 5975 5466 5275 5799 5610 5620 5994 5612 5935
5360 5643 5926 6048 5693 5376 5423 5133 5244 5100 5380 5319 5966 5342 5670 6030 5848 5150 5747 5218 5686 5490 6045 5975 5466 5275 5799 5610 5620 5994 5612 5935
5362 5466 5799 5804 5967 5966 5391 5243 5848 5133 5100 6048 5686 5360 5423 5275 5747 5342 5670 5693 5994 5244 6030 5490 5643 5088 5926 5226 6017 5150 5319 5858 5935
5363 5767 5096 5410 5703 5205 5956 5271 5781 5892 5067 5408 5167 5827 6018 5801 5121 5164 5791 5416 5772 5985 5884 5387 5890 5093 5903 5879 5404 5413 5419 5599 5483
5364 5612 5994 5319 5693 5376 5935 5610 5244 5100 5380 5620 5966 5342 6030 6048 5848 5150 5747 5466 5686 5133 5218 5360 5926 5275 6045 5975 5490 5670 5799 5423 5643
5366 5466 5799 5804 5967 5966 5391 5243 5848 5133 5100 6048 5686 5360 5423 5275 5747 5342 5670 5693 5994 5244 6030 5490 5643 5088 5926 5226 6017 5150 5319 5858 5935
5367 5466 5799 5804 5967 5966 5391 5243 5848 5133 5100 6048 5686 5360 5423 5275 5747 5342 5670 5693 5994 5244 6030 5490 5643 5088 5926 5226 6017 5150 5319 5858 5935
5368 5466 5799 5804 5967 5966 5391 5243 5848 5133 5100 6048 5686 5360 5423 5275 5747 5342 5670 5693 5994 5244 6030 5490 5643 5088 5926 5226 6017 5150 5319 5858 5935
5372 5813 5737 6037 5090 5342 5982 5972 5118 5150 5063 6002 5335 5360 5670 6030 5100 5293 5966 5744 6051 5490 5797 5973 6001 5072 5799 5385 5981 5686 5376 5935
5376 5813 5372 6037 5090 5342 5982 5972 5118 5150 5063 6002 5335 5360 5670 6030 5100 5293 5966 6001 6051 5490 5744 5973 5737 5072 5797 5385 5981 5686 5799 5935
5380 5966 5360 5975 5218 5610 5342 5686 6002 5973 5335 5620 5609 5612 5737 5622 6030 5978 5799 5100 5981 5617 5490 5670 5762 5385 5150 6045 5935 6001 5930 5906
5385 5612 5994 5319 5693 5376 5935 5610 5244 5100 5380 5620 5966 5342 6030 6048 5848 5150 5747 5466 5686 5133 5218 5360 5926 5275 6045 5975 5490 5670 5799 5423 5643
5386 5410 5483 5164 5387 5067 5413 5121 5416 5599 5096 5791 5767 5772 5205 5167 5419 5879 5685 5271 5890 5781 5985 5093 5956 5884 5404 5703 5892 5827 5408 6018 5801
5387 5801 5956 5167 5419 5772 6018 5781 5599 5685 5096 5164 5067 5093 5827 5205 5416 5767 5879 5985 5890 5892 5404 5703 5271 5884 5408 5121 5791 5483 5410 5413
5389 5487 5406 5538 5914
5390 5466 5799 5804 5967 5966 5391 5243 5848 5133 5100 6048 5686 5360 5423 5275 5747 5342 5670 5693 5994 5244 6030 5490 5643 5088 5926 5226 6017 5150 5319 5858 5935
5391 5466 5799 5804 5967 5966 5935 5243 5848 5133 5100 6048 5686 5360 5423 5275 5747 5342 5670 5693 5994 5244 6030 5490 5643 5088 5926 5226 6017 5150 5319 5858
5392 5466 5799 5804 5967 5966 5391 5243 5848 5133 5100 6048 5686 5360 5423 5275 5747 5342 5670 5693 5994 5244 6030 5490 5643 5088 5926 5226 6017 5150 5319 5858 5935
5393 5466 5799 5804 5967 5966 5391 5243 5848 5133 5100 6048 5686 5360 5423 5275 5747 5342 5670 5693 5994 5244 6030 5490 5643 5088 5926 5226 6017 5150 5319 5858 5935
5397 5164 5093 5416 6018 5801 5827 5956 5408 5903 5271 5884 5985 6054 5067 5419 5599 5945 5404 5121 5239 5767 5781 5890 5703 5410 5892 5483 5413 5772 5791 5205 5167
5404 5483 5890 5801 5703 5205 5599 5271 5781 5892 5067 5410 5167 5827 5413 6018 5121 5164 5791 5884 5772 5985 5903 5387 5416 5093 5419 5879 5408 5096 5767 5956
5406 5487 5389 5538 5914
5407 5466 5799 5804 5967 5966 5391 5243 5848 5133 5100 6048 5686 5360 5423 5275 5747 5342 5670 5693 5994 5244 6030 5490 5643 5088 5926 5226 6017 5150 5319 5858 5935
5408 5483 5890 5801 5703 5205 5599 5271 5781 5892 5067 5410 5167 5827 5413 6018 5121 5164 5791 5884 5772 5985 5903 5387 5416 5093 5419 5879 5404 5096 5767 5956
5410 5483 5890 5801 5703 5205 5599 5271 5781 5892 5067 5408 5167 5827 5413 6018 5121 5164 5791 5884 5772 5985 5903 5387 5416 5093 5419 5879 5404 5096 5767 5956
5411 5767 5096 5410 5703 5205 5956 5271 5781 5892 5067 5408 5167 5827 6018 5801 5121 5164 5791 5416 5772 5985 5884 5387 5890 5093 5903 5879 5404 5413 5419 5599 5483
5412 5767 5096 5410 5703 5205 5956 5271 5781 5892 5067 5408 5167 5827 6018 5801 5121 5164 5791 5416 5772 5985 5884 5387 5890 5093 5903 5879 5404 5413 5419 5599 5483
5413 5483 5890 5410 5703 5205 5599 5271 5781 5892 5067 5408 5167 5827 6018 5801 5121 5164 5791 5884 5772 5985 5903 5387 5416 5093 5419 5879 5404 5096 5767 5956
5414 5767 5096 5410 5703 5205 5956 5271 5781 5892 5067 5408 5167 5827 6018 5801 5121 5164 5791 5416 5772 5985 5884 5387 5890 5093 5903 5879 5404 5413 5419 5599 5483
5415 5410 5483 5164 5387 5067 5413 5121 5416 5599 5096 5791 5767 5772 5205 5167 5419 5879 5903 5271 5890 5781 5985 5093 5956 5884 5404 5703 5892 5827 5408 6018 5801
5416 5483 5096 5410 5703 5205 5599 5271 5781 5892 5067 5408 5167 5827 6018 5801 5121 5164 5791 5884 5772 5985 5903 5387 5890 5093 5419 5879 5404 5413 5767 5956
5417 5767 5096 5410 5703 5205 5956 5271 5781 5892 5067 5408 5167 5827 6018 5801 5121 5164 5791 5416 5772 5985 5884 5387 5890 5093 5903 5879 5404 5413 5419 5599 5483
5418 5767 5096 5410 5703 5205 5956 5271 5781 5892 5067 5408 5167 5827 6018 5801 5121 5164 5791 5416 5772 5985 5884 5387 5890 5093 5903 5879 5404 5413 5419 5599 5483
5419 5483 5096 5410 5703 5205 5599 5271 5781 5892 5067 5408 5167 5827 6018 5801 5121 5164 5791 5416 5772 5985 5884 5387 5890 5093 5903 5879 5404 5413 5767 5956
5423 5935 5643 5804 5967 5966 5858 5243 5848 5133 5100 6048 5686 5360 5150 5275 5747 5342 5670 6030 5994 5244 5926 5490 5693 5088 5319 5226 6017 5799 5466 5391
5424 5612 5994 5319 5693 5376 5935 5610 5244 5100 5380 5620 5966 5342 6030 6048 5848 5150 5747 5466 5686 5133 5218 5360 5926 5275 6045 5975 5490 5670 5799 5423 5643
5432 5767 5096 5410 5703 5205 5956 5271 5781 5892 5067 5408 5167 5827 6018 5801 5121 5164 5791 5416 5772 5985 5884 5387 5890 5093 5903 5879 5404 5413 5419 5599 5483
5439 5930 6001 5620 5218 5609 5906 6045 6002 5380 5335 5935 5978 5610 5622 5975 6030 5799 5973 5762 5981 5686 5100 5612 5360 5385 5490 5670 5617 5737 5150 5342 5966
5449 5466 5799 5804 5967 5966 5391 5243 5848 5133 5100 6048 5686 5360 5423 5275 5747 5342 5670 5693 5994 5244 6030 5490 5643 5088 5926 5226 6017 5150 5319 5858 5935
5450 5466 5799 5804 5967 5966 5391 5243 5848 5133 5100 6048 5686 5360 5423 5275 5747 5342 5670 5693 5994 5244 6030 5490 5643 5088 5926 5226 6017 5150 5319 5858 5935
5452 5466 5799 5804 5967 5966 5391 5243 5848 5133 5100 6048 5686 5360 5423 5275 5747 5342 5670 5693 5994 5244 6030 5490 5643 5088 5926 5226 6017 5150 5319 5858 5935
5455 5466 5799 5804 5967 5966 5391 5243 5848 5133 5100 6048 5686 5360 5423 5275 5747 5342 5670 5693 5994 5244 6030 5490 5643 5088 5926 5226 6017 5150 5319 5858 5935
5457 5466 5799 5804 5967 5966 5391 5243 5848 5133 5100 6048 5686 5360 5423 5275 5747 5342 5670 5693 5994 5244 6030 5490 5643 5088 5926 5226 6017 5150 5319 5858 5935
5458 5466 5799 5804 5967 5966 5391 5243 5848 5133 5100 6048 5686 5360 5423 5275 5747 5342 5670 5693 5994 5244 6030 5490 5643 5088 5926 5226 6017 5150 5319 5858 5935
5459 5466 5799 5804 5967 5966 5391 5243 5848 5133 5100 6048 5686 5360 5423 5275 5747 5342 5670 5693 5994 5244 6030 5490 5643 5088 5926 5226 6017 5150 5319 5858 5935
5461 5466 5799 5804 5967 5966 5391 5243 5848 5133 5100 6048 5686 5360 5423 5275 5747 5342 5670 5693 5994 5244 6030 5490 5643 5088 5926 5226 6017 5150 5319 5858 5935
5464 5466 5799 5804 5967 5966 5391 5243 5848 5133 5100 6048 5686 5360 5423 5275 5747 5342 5670 5693 5994 5244 6030 5490 5643 5088 5926 5226 6017 5150 5319 5858 5935
5466 5935 5799 5804 5967 5966 5858 5243 5848 5133 5100 6048 5686 5360 5423 5275 5747 5342 5670 5693 5994 5244 6030 5490 5643 5088 5926 5226 6017 5150 5319 5391
5468 5466 5799 5804 5967 5966 5391 5243 5848 5133 5100 6048 5686 5360 5423 5275 5747 5342 5670 5693 5994 5244 6030 5490 5643 5088 5926 5226 6017 5150 5319 5858 5935
5483 5767 5096 5410 5703 5205 5599 5271 5781 5892 5067 5408 5167 5827 6018 5801 5121 5164 5791 5416 5772 5985 5884 5387 5890 5093 5903 5879 5404 5413 5419 5956
5487 5406 5389 5538 5914
5490 5643 5926 6048 5693 5376 5423 5610 5244 5100 5380 5319 5966 5342 5670 6030 5848 5150 5747 5218 5686 5133 6045 5360 5466 5275 5799 5975 5620 5994 5612 5935
5503 5612 5994 5319 5693 5376 5935 5610 5244 5100 5380 5620 5966 5342 6030 6048 5848 5150 5804 5466 5686 5133 5218 5360 5926 5275 6045 5226 5490 5670 5799 5423 5643
5508 5466 5799 5804 5967 5966 5391 5243 5848 5133 5100 6048 5686 5360 5423 5275 5747 5342 5670 5693 5994 5244 6030 5490 5643 5088 5926 5226 6017 5150 5319 5858 5935
5514 5612 5994 5319 5693 5376 5935 5610 5244 5100 5380 5620 5966 5342 6030 6048 5848 5150 5747 5466 5686 5133 5218 5360 5926 5275 6045 5975 5490 5670 5799 5423 5643
5517 5466 5799 5804 5967 5966 5391 5243 5848 5133 5100 6048 5686 5360 5423 5275 5747 5342 5670 5693 5994 5244 6030 5490 5643 5088 5926 5226 6017 5150 5319 5858 5935
5521 5612 5994 5319 5693 5376 5935 5610 5244 5100 5380 5620 5966 5342 6030 6048 5848 5150 5747 5466 5686 5133 5218 5360 5926 5275 6045 5975 5490 5670 5799 5423 5643
5527 5466 5799 5804 5967 5966 5391 5243 5848 5133 5100 6048 5686 5360 5423 5275 5747 5342 5670 5693 5994 5244 6030 5490 5643 5088 5926 5226 6017 5150 5319 5858 5935
5538 5406 5389 5487 5914
5546 5612 5994 5319 5693 5376 5935 5610 5244 5100 5380 5620 5966 5342 6030 6048 5848 5150 5747 5466 5686 5133 5218 5360 5926 5275 6045 5975 5490 5670 5799 5423 5643
5547 5466 5799 5804 5967 5966 5391 5243 5848 5133 5100 6048 5686 5360 5423 5275 5747 5342 5670 5693 5994 5244 6030 5490 5643 5088 5926 5226 6017 5150 5319 5858 5935
5550 5693 5391 5243 5935 5133 5319 5670 5994 5088 5226 5858 5848 5360 6017 5244 5150 5747 5967 5423 5466 5966 5799 5490 5275 5804 5686 6030 5342 6048 5643 5926 5100
5551 5767 5096 5410 5703 5205 5956 5271 5781 5892 5067 5408 5167 5827 6018 5801 5121 5164 5791 5416 5772 5985 5884 5387 5890 5093 5903 5879 5404 5413 5419 5599 5483
5557 5466 5799 5804 5967 5966 5391 5243 5848 5133 5100 6048 5686 5360 5423 5275 5747 5342 5670 5693 5994 5244 6030 5490 5643 5088 5926 5226 6017 5150 5319 5858 5935
5562 5466 5799 5804 5967 5966 5391 5243 5848 5133 5100 6048 5686 5360 5423 5275 5747 5342 5670 5693 5994 5244 6030 5490 5643 5088 5926 5226 6017 5150 5319 5858 5935
5594 5767 5096 5410 5703 5205 5956 5271 5781 5892 5067 5408 5167 5827 6018 5801 5121 5164 5791 5416 5772 5985 5884 5387 5890 5093 5903 5879 5404 5413 5419 5599 5483
5596 5466 5799 5804 5967 5966 5391 5243 5848 5133 5100 6048 5686 5360 5423 5275 5747 5342 5670 5693 5994 5244 6030 5490 5643 5088 5926 5226 6017 5150 5319 5858 5935
5599 5767 5096 5410 5703 5205 5483 5271 5781 5892 5067 5408 5167 5827 6018 5801 5121 5164 5791 5416 5772 5985 5884 5387 5890 5093 5903 5879 5404 5413 5419 5956
5607 5930 6001 5620 5218 5609 5906 6045 6002 5380 5335 5935 5978 5610 5622 5975 6030 5799 5973 5762 5981 5686 5100 5612 5360 5385 5490 5670 5617 5737 5150 5342 5966
5608 5930 6001 5620 5218 5609 5906 6045 6002 5380 5335 5935 5978 5610 5622 5975 6030 5799 5973 5762 5981 5686 5100 5612 5360 5385 5490 5670 5617 5737 5150 5342 5966
5609 5966 5360 5975 5218 5610 5342 5686 6002 5380 5335 5620 5978 5612 5737 5622 6030 5799 5973 5100 5981 5617 5490 5670 5762 5385 5150 6045 5935 6001 5930 5906
5610 5966 5360 5975 5218 5609 5342 5686 6002 5380 5335 5620 5978 5612 5737 5622 6030 5799 5973 5100 5981 5617 5490 5670 5762 5385 5150 6045 5935 6001 5930 5906
5612 5966 5360 5975 5218 5609 5342 5686 6002 5380 5335 5620 5978 5610 5737 5622 6030 5799 5973 5100 5981 5617 5490 5670 5762 5385 5150 6045 5935 6001 5930 5906
5613 5466 5799 5804 5967 5966 5391 5243 5848 5133 5100 6048 5686 5360 5423 5275 5747 5342 5670 5693 5994 5244 6030 5490 5643 5088 5926 5226 6017 5150 5319 5858 5935
5614 5930 6001 5620 5218 5609 5906 6045 6002 5380 5335 5935 5978 5610 5622 5975 6030 5799 5973 5762 5981 5686 5100 5612 5360 5385 5490 5670 5617 5737 5150 5342 5966
5615 5930 6001 5620 5218 5609 5906 6045 6002 5380 5335 5935 5978 5610 5622 5975 6030 5799 5973 5762 5981 5686 5100 5612 5360 5385 5490 5670 5617 5737 5150 5342 5966
5616 5930 6001 5620 5218 5609 5906 6045 6002 5380 5335 5935 5978 5610 5622 5975 6030 5799 5973 5762 5981 5686 5100 5612 5360 5385 5490 5670 5617 5737 5150 5342 5966
5617 5966 5360 5975 5218 5609 5342 6045 6002 5380 5335 5620 5978 5610 5737 5622 6030 5799 5973 5100 5981 5686 5490 5612 5762 5385 5150 5670 5935 6001 5930 5906
5618 5930 6001 5620 5218 5609 5906 6045 6002 5380 5335 5935 5978 5610 5622 5975 6030 5799 5973 5762 5981 5686 5100 5612 5360 5385 5490 5670 5617 5737 5150 5342 5966
5620 5966 5360 5975 5218 5609 5342 6045 6002 5380 5335 5935 5978 5610 5737 5622 6030 5799 5973 5100 5981 5686 5490 5612 5762 5385 5150 5670 5617 6001 5930 5906
5621 5930 6001 5620 5218 5609 5906 6045 6002 5380 5335 5935 5978 5610 5622 5975 6030 5799 5973 5762 5981 5686 5100 5612 5360 5385 5490 5670 5617 5737 5150 5342 5966
5622 5966 5360 5620 5218 5609 5342 6045 6002 5380 5335 5935 5978 5610 5737 5975 6030 5799 5973 5100 5981 5686 5490 5612 5762 5385 5150 5670 5617 6001 5930 5906
5626 5466 5799 5804 5967 5966 5391 5243 5848 5133 5100 6048 5686 5360 5423 5275 5747 5342 5670 5693 5994 5244 6030 5490 5643 5088 5926 5226 6017 5150 5319 5858 5935
5638 5410 5483 5164 5387 5067 5413 5121 5416 5599 5096 5791 5767 5772 5205 5167 5419 5879 5685 5271 5890 5781 5985 5093 5956 5884 5404 5703 5892 5827 5408 6018 5801
5639 5466 5799 5804 5967 5966 5391 5243 5848 5133 5100 6048 5686 5360 5423 5275 5747 5342 5670 5693 5994 5244 6030 5490 5643 5088 5926 5226 6017 5150 5319 5858 5935
5640 5466 5799 5804 5967 5966 5391 5243 5848 5133 5100 6048 5686 5360 5423 5275 5747 5342 5670 5693 5994 5244 6030 5490 5643 5088 5926 5226 6017 5150 5319 5858 5935
5641 5466 5799 5804 5967 5966 5391 5243 5848 5133 5100 6048 5686 5360 5423 5275 5747 5342 5670 5693 5994 5244 6030 5490 5643 5088 5926 5226 6017 5150 5319 5858 5935
5642 5466 5799 5804 5967 5966 5391 5243 5848 5133 5100 6048 5686 5360 5423 5275 5747 5342 5670 5693 5994 5244 6030 5490 5643 5088 5926 5226 6017 5150 5319 5858 5935
5643 5935 5799 5804 5967 5966 5858 5243 5848 5133 5100 6048 5686 5360 5423 5275 5747 5342 5670 6030 5994 5244 5926 5490 5693 5088 5319 5226 6017 5150 5466 5391
5648 5767 5096 5410 5703 5205 5956 5271 5781 5892 5067 5408 5167 5827 6018 5801 5121 5164 5791 5416 5772 5985 5884 5387 5890 5093 5903 5879 5404 5413 5419 5599 5483
5651 5930 6001 5620 5218 5609 5906 6045 6002 5380 5335 5935 5978 5610 5622 5975 6030 5799 5973 5762 5981 5686 5100 5612 5360 5385 5490 5670 5617 5737 5150 5342 5966
5652 5466 5799 5804 5967 5966 5391 5243 5848 5133 5100 6048 5686 5360 5423 5275 5747 5342 5670 5693 5994 5244 6030 5490 5643 5088 5926 5226 6017 5150 5319 5858 5935
5670 5643 5926 5319 5693 5376 5423 5610 5244 5100 5380 5620 5966 5342 6030 6048 5848 5150 5747 5218 5686 5133 6045 5360 5466 5275 5799 5975 5490 5994 5612 5935
5671 5466 5799 5804 5967 5966 5391 5243 5848 5133 5100 6048 5686 5360 5423 5275 5747 5342 5670 5693 5994 5244 6030 5490 5643 5088 5926 5226 6017 5150 5319 5858 5935
5673 5466 5799 5804 5967 5966 5391 5243 5848 5133 5100 6048 5686 5360 5423 5275 5747 5342 5670 5693 5994 5244 6030 5490 5643 5088 5926 5226 6017 5150 5319 5858 5935
5674 5767 5096 5410 5703 5205 5956 5271 5781 5892 5067 5408 5167 5827 6018 5801 5121 5164 5791 5416 5772 5985 5884 5387 5890 5093 5903 5879 5404 5413 5419 5599 5483
5677 5410 5483 5164 5387 5067 5413 5121 5416 5599 5096 5791 5767 5772 5205 5167 5419 5879 5685 5271 5890 5781 5985 5093 5956 5884 5404 5703 5892 5827 5408 6018 5801
5683 5767 5096 5410 5703 5205 5956 5271 5781 5892 5067 5408 5167 5827 6018 5801 5121 5164 5791 5416 5772 5985 5884 5387 5890 5093 5903 5879 5404 5413 5419 5599 5483
5685 5801 5956 5167 5387 5772 6018 5781 5416 5599 5096 5164 5067 5093 5827 5205 5419 5767 5879 5985 5890 5892 5404 5703 5271 5884 5408 5121 5791 5483 5410 5413
5686 5994 5466 5620 5747 5342 5380 5376 5100 5244 5848 5218 5423 5360 5670 6030 5610 5966 5150 5975 5319 5490 5133 5643 6045 5926 5799 5612 5981 5275 5693 5935 6048
5693 5935 5799 5804 5967 5966 5858 5243 5848 5133 5100 6048 5686 5360 5423 5275 5747 5342 5670 6030 5994 5244 5926 5490 5643 5088 5319 5226 6017 5150 5466 5391
5694 5466 5799 5804 5967 5966 5391 5243 5848 5133 5100 6048 5686 5360 5423 5275 5747 5342 5670 5693 5994 5244 6030 5490 5643 5088 5926 5226 6017 5150 5319 5858 5935
5700 5930 6001 5620 5218 5609 5906 6045 6002 5380 5335 5935 5978 5610 5622 5975 6030 5799 5973 5762 5981 5686 5100 5612 5360 5385 5490 5670 5617 5737 5150 5342 5966
5702 5466 5799 5804 5967 5966 5391 5243 5848 5133 5100 6048 5686 5360 5423 5275 5747 5342 5670 5693 5994 5244 6030 5490 5643 5088 5926 5226 6017 5150 5319 5858 5935
5703 5483 5890 5801 5121 5827 5599 5985 5892 5791 5067 5410 5205 5387 5413 6018 5781 5167 5164 5884 5772 5404 5903 5879 5416 5093 5419 5271 5408 5096 5767 5956
5726 5466 5799 5804 5967 5966 5391 5243 5848 5133 5100 6048 5686 5360 5423 5275 5747 5342 5670 5693 5994 5244 6030 5490 5643 5088 5926 5226 6017 5150 5319 5858 5935
5727 5466 5799 5804 5967 5966 5391 5243 5848 5133 5100 6048 5686 5360 5423 5275 5747 5342 5670 5693 5994 5244 6030 5490 5643 5088 5926 5226 6017 5150 5319 5858 5935
5728 5930 6001 5620 5218 5609 5906 6045 6002 5380 5335 5935 5978 5610 5622 5975 6030 5799 5973 5762 5981 5686 5100 5612 5360 5385 5490 5670 5617 5737 5150 5342 5966
5736 5612 5994 5319 5693 5376 5935 5610 5244 5100 5380 5620 5966 5342 6030 6048 5848 5150 5747 5466 5686 5133 5218 5360 5926 5275 6045 5975 5490 5670 5799 5423 5643
5737 5612 5994 5319 5693 5376 5935 5610 5244 5100 5380 5620 5966 5342 6030 6048 5848 5150 5747 5466 5686 5133 5218 5360 5926 5275 6045 5975 5490 5670 5799 5423 5643
5738 5612 5994 5319 5693 5376 5935 5610 5244 5100 5380 5620 5966 5342 6030 6048 5848 5150 5747 5466 5686 5133 5218 5360 5926 5275 6045 5975 5490 5670 5799 5423 5643
5742 5466 5799 5804 5967 5966 5391 5243 5848 5133 5100 6048 5686 5360 5423 5275 5747 5342 5670 5693 5994 5244 6030 5490 5643 5088 5926 5226 6017 5150 5319 5858 5935
5744 5612 5994 5319 5693 5376 5935 5610 5244 5100 5380 5620 5966 5342 6030 6048 5848 5150 5747 5466 5686 5133 5218 5360 5926 5275 6045 5975 5490 5670 5799 5423 5643
5746 5466 5799 5804 5967 5966 5391 5243 5848 5133 5100 6048 5686 5360 5423 5275 5747 5342 5670 5693 5994 5244 6030 5490 5643 5088 5926 5226 6017 5150 5319 5858 5935
5747 5935 5643 5275 5967 5360 5858 5244 5133 5670 5100 5804 5966 5490 5150 5423 5848 5686 5342 6030 5994 6017 5926 5226 5693 5088 5319 5243 6048 5799 5466 5391
5748 5466 5799 5804 5967 5966 5391 5243 5848 5133 5100 6048 5686 5360 5423 5275 5747 5342 5670 5693 5994 5244 6030 5490 5643 5088 5926 5226 6017 5150 5319 5858 5935
5751 5466 5799 5804 5967 5966 5391 5243 5848 5133 5100 6048 5686 5360 5423 5275 5747 5342 5670 5693 5994 5244 6030 5490 5643 5088 5926 5226 6017 5150 5319 5858 5935
5752 5767 5096 5410 5703 5205 5956 5271 5781 5892 5067 5408 5167 5827 6018 5801 5121 5164 5791 5416 5772 5985 5884 5387 5890 5093 5903 5879 5404 5413 5419 5599 5483
5755 5767 5096 5410 5703 5205 5956 5271 5781 5892 5067 5408 5167 5827 6018 5801 5121 5164 5791 5416 5772 5985 5884 5387 5890 5093 5903 5879 5404 5413 5419 5599 5483
5756 5466 5799 5804 5967 5966 5391 5243 5848 5133 5100 6048 5686 5360 5423 5275 5747 5342 5670 5693 5994 5244 6030 5490 5643 5088 5926 5226 6017 5150 5319 5858 5935
5761 5466 5799 5804 5967 5966 5391 5243 5848 5133 5100 6048 5686 5360 5423 5275 5747 5342 5670 5693 5994 5244 6030 5490 5643 5088 5926 5226 6017 5150 5319 5858 5935
5762 5966 6001 5620 5218 5609 5342 6045 6002 5380 5335 5935 5978 5610 5622 5975 6030 5799 5973 5100 5981 5686 5490 5612 5360 5385 5150 5670 5617 5737 5930 5906
5763 5930 6001 5620 5218 5609 5906 6045 6002 5380 5335 5935 5978 5610 5622 5975 6030 5799 5973 5762 5981 5686 5100 5612 5360 5385 5490 5670 5617 5737 5150 5342 5966
5767 5483 5096 5410 5703 5205 5599 5271 5781 5892 5067 5408 5167 5827 6018 5801 5121 5164 5791 5416 5772 5985 5884 5387 5890 5093 5903 5879 5404 5413 5419 5956
5770 5767 5096 5410 5703 5205 5956 5271 5781 5892 5067 5408 5167 5827 6018 5801 5121 5164 5791 5416 5772 5985 5884 5387 5890 5093 5903 5879 5404 5413 5419 5599 5483
5772 5483 5890 5801 5121 5827 5599 5985 5892 5791 5067 5410 5205 5387 5413 6018 5781 5167 5164 5884 5093 5404 5903 5879 5416 5703 5419 5271 5408 5096 5767 5956
5773 5164 5093 5416 6018 5801 5827 5956 5408 5903 5271 5884 5985 6054 5067 5419 5599 5945 5404 5121 5239 5767 5781 5890 5703 5410 5892 5483 5413 5772 5791 5205 5167
5779 5767 5096 5410 5703 5205 5956 5271 5781 5892 5067 5408 5167 5827 6018 5801 5121 5164 5791 5416 5772 5985 5884 5387 5890 5093 5903 5879 5404 5413 5419 5599 5483
5780 5767 5096 5410 5703 5205 5956 5271 5781 5892 5067 5408 5167 5827 6018 5801 5121 5164 5791 5416 5772 5985 5884 5387 5890 5093 5903 5879 5404 5413 5419 5599 5483
5781 5483 5890 5801 5703 5827 5599 5985 5892 5791 5067 5410 5205 5387 5413 6018 5121 5167 5164 5884 5772 5404 5903 5879 5416 5093 5419 5271 5408 5096 5767 5956
5791 5483 5890 5801 5703 5827 5599 5985 5781 5892 5067 5410 5205 5387 5413 6018 5121 5167 5164 5884 5772 5404 5903 5879 5416 5093 5419 5271 5408 5096 5767 5956
5797 5612 5994 5319 5693 5376 5935 5610 5244 5100 5380 5620 5966 5342 6030 6048 5848 5150 5747 5466 5686 5133 5218 5360 5926 5275 6045 5975 5490 5670 5799 5423 5643
5799 5643 5994 5319 5693 5376 5423 5610 5244 5100 5380 5620 5966 5342 6030 6048 5848 5150 5747 5466 5686 5133 5218 5360 5926 5275 6045 5975 5490 5670 5612 5935
5801 5483 5890 5410 5703 5205 5599 5271 5781 5892 5067 5408 5167 5827 5413 6018 5121 5164 5791 5884 5772 5985 5903 5387 5416 5093 5419 5879 5404 5096 5767 5956
5804 5527 5275 5244 5843 5830 5926 6002 5088 5967 5226 5243 5133 6059 6048 6017 5994 5848 5747 5294 5466 6031 5998 5207 5423 5935 5643 5976 5858 5391 5693 5319
5805 5466 5799 5804 5967 5966 5391 5243 5848 5133 5100 6048 5686 5360 5423 5275 5747 5342 5670 5693 5994 5244 6030 5490 5643 5088 5926 5226 6017 5150 5319 5858 5935
5807 5612 5994 5319 5693 5376 5935 5610 5244 5100 5380 5620 5966 5342 6030 6048 5848 5150 5747 5466 5686 5133 5218 5360 5926 5275 6045 5975 5490 5670 5799 5423 5643
5809 5164 5093 5416 6018 5801 5827 5956 5408 5903 5271 5884 5985 5096 5067 5419 5599 5879 5404 5121 5387 5767 5781 5890 5703 5410 5892 5483 5413 5772 5791 5205 5167
5813 5612 5994 5319 5693 5376 5935 5610 5244 5100 5380 5620 5966 5342 6030 6048 5848 5150 5747 5466 5686 5133 5218 5360 5926 5275 6045 5975 5490 5670 5799 5423 5643
5815 5466 5799 5804 5967 5966 5391 5243 5848 5133 5100 6048 5686 5360 5423 5275 5747 5342 5670 5693 5994 5244 6030 5490 5643 5088 5926 5226 6017 5150 5319 5858 5935
5820 5930 6001 5620 5218 5609 5906 6045 6002 5380 5335 5935 5978 5610 5622 5975 6030 5799 5973 5762 5981 5686 5100 5612 5360 5385 5490 5670 5617 5737 5150 5342 5966
5821 5930 6001 5620 5218 5609 5906 6045 6002 5380 5335 5935 5978 5610 5622 5975 6030 5799 5973 5762 5981 5686 5100 5612 5360 5385 5490 5670 5617 5737 5150 5342 5966
5822 5612 5994 5319 5693 5376 5935 5610 5244 5100 5380 5620 5966 5342 6030 6048 5848 5150 5747 5466 5686 5133 5218 5360 5926 5275 6045 5975 5490 5670 5799 5423 5643
5827 5483 5890 5801 5703 5205 5599 5985 5781 5892 5067 5410 5167 5387 5413 6018 5121 5164 5791 5884 5772 5404 5903 5879 5416 5093 5419 5271 5408 5096 5767 5956
5830 5466 5799 5804 5967 5966 5391 5243 5848 5133 5100 6048 5686 5360 5423 5275 5747 5342 5670 5693 5994 5244 6030 5490 5643 5088 5926 5226 6017 5150 5319 5858 5935
5831 5466 5799 5804 5967 5966 5391 5243 5848 5133 5100 6048 5686 5360 5423 5275 5747 5342 5670 5693 5994 5244 6030 5490 5643 5088 5926 5226 6017 5150 5319 5858 5935
5836 5767 5096 5410 5703 5205 5956 5271 5781 5892 5067 5408 5167 5827 6018 5801 5121 5164 5791 5416 5772 5985 5884 5387 5890 5093 5903 5879 5404 5413 5419 5599 5483
5837 5466 5799 5804 5967 5966 5391 5243 5848 5133 5100 6048 5686 5360 5423 5275 5747 5342 5670 5693 5994 5244 6030 5490 5643 5088 5926 5226 6017 5150 5319 5858 5935
5838 5466 5799 5804 5967 5966 5391 5243 5848 5133 5100 6048 5686 5360 5423 5275 5747 5342 5670 5693 5994 5244 6030 5490 5643 5088 5926 5226 6017 5150 5319 5858 5935
5843 5466 5799 5804 5967 5966 5391 5243 5848 5133 5100 6048 5686 5360 5423 5275 5747 5342 5670 5693 5994 5244 6030 5490 5643 5088 5926 5226 6017 5150 5319 5858 5935
5846 5164 5093 5416 6018 5801 5827 5956 5408 5903 5271 5884 5985 6054 5067 5419 5599 5945 5404 5121 5239 5767 5781 5890 5703 5410 5892 5483 5413 5772 5791 5205 5167
5848 5935 5643 5275 5967 5360 5858 5244 5133 5670 5100 5804 5966 5490 5150 5423 5747 5686 5342 6030 5994 6017 5926 5226 5693 5088 5319 5243 6048 5799 5466 5391
5849 5466 5799 5804 5967 5966 5391 5243 5848 5133 5100 6048 5686 5360 5423 5275 5747 5342 5670 5693 5994 5244 6030 5490 5643 5088 5926 5226 6017 5150 5319 5858 5935
5854 5466 5799 5804 5967 5966 5391 5243 5848 5133 5100 6048 5686 5360 5423 5275 5747 5342 5670 5693 5994 5244 6030 5490 5643 5088 5926 5226 6017 5150 5319 5858 5935
5857 5930 6001 5620 5218 5609 5906 6045 6002 5380 5335 5935 5978 5610 5622 5975 6030 5799 5973 5762 5981 5686 5100 5612 5360 5385 5490 5670 5617 5737 5150 5342 5966
5858 5466 5799 5804 5967 5966 5935 5243 5848 5133 5100 6048 5686 5360 5423 5275 5747 5342 5670 5693 5994 5244 6030 5490 5643 5088 5926 5226 6017 5150 5319 5391
5860 5466 5799 5804 5967 5966 5391 5243 5848 5133 5100 6048 5686 5360 5423 5275 5747 5342 5670 5693 5994 5244 6030 5490 5643 5088 5926 5226 6017 5150 5319 5858 5935
5861 5466 5799 5804 5967 5966 5391 5243 5848 5133 5100 6048 5686 5360 5423 5275 5747 5342 5670 5693 5994 5244 6030 5490 5643 5088 5926 5226 6017 5150 5319 5858 5935
5877 5767 5096 5410 5703 5205 5956 5271 5781 5892 5067 5408 5167 5827 6018 5801 5121 5164 5791 5416 5772 5985 5884 5387 5890 5093 5903 5879 5404 5413 5419 5599 5483
5878 5767 5096 5410 5703 5205 5956 5271 5781 5892 5067 5408 5167 5827 6018 5801 5121 5164 5791 5416 5772 5985 5884 5387 5890 5093 5903 5879 5404 5413 5419 5599 5483
5879 5801 5956 5167 5387 5772 6018 5781 5416 5599 5096 5164 5067 5093 5827 5205 5419 5767 5685 5985 5890 5892 5404 5703 5271 5884 5408 5121 5791 5483 5410 5413
5882 5930 6001 5620 5218 5609 5906 6045 6002 5380 5335 5935 5978 5610 5622 5975 6030 5799 5973 5762 5981 5686 5100 5612 5360 5385 5490 5670 5617 5737 5150 5342 5966
5884 5483 5096 5410 5703 5205 5599 5271 5781 5892 5067 5408 5167 5827 6018 5801 5121 5164 5791 5416 5772 5985 5903 5387 5890 5093 5419 5879 5404 5413 5767 5956
5886 5767 5096 5410 5703 5205 5956 5271 5781 5892 5067 5408 5167 5827 6018 5801 5121 5164 5791 5416 5772 5985 5884 5387 5890 5093 5903 5879 5404 5413 5419 5599 5483
5887 5767 5096 5410 5703 5205 5956 5271 5781 5892 5067 5408 5167 5827 6018 5801 5121 5164 5791 5416 5772 5985 5884 5387 5890 5093 5903 5879 5404 5413 5419 5599 5483
5888 5767 5096 5410 5703 5205 5956 5271 5781 5892 5067 5408 5167 5827 6018 5801 5121 5164 5791 5416 5772 5985 5884 5387 5890 5093 5903 5879 5404 5413 5419 5599 5483
5890 5483 5096 5410 5703 5205 5599 5271 5781 5892 5067 5408 5167 5827 6018 5801 5121 5164 5791 5884 5772 5985 5903 5387 5416 5093 5419 5879 5404 5413 5767 5956
5892 5483 5890 5801 5703 5827 5599 5985 5781 5791 5067 5410 5205 5387 5413 6018 5121 5167 5164 5884 5772 5404 5903 5879 5416 5093 5419 5271 5408 5096 5767 5956
5893 5767 5096 5410 5703 5205 5956 5271 5781 5892 5067 5408 5167 5827 6018 5801 5121 5164 5791 5416 5772 5985 5884 5387 5890 5093 5903 5879 5404 5413 5419 5599 5483
5894 5410 5483 5164 5387 5067 5413 5121 5416 5599 5096 5791 5767 5772 5205 5167 5419 5879 5903 5271 5890 5781 5985 5093 5956 5884 5404 5703 5892 5827 5408 6018 5801
5895 5767 5096 5410 5703 5205 5956 5271 5781 5892 5067 5408 5167 5827 6018 5801 5121 5164 5791 5416 5772 5985 5884 5387 5890 5093 5903 5879 5404 5413 5419 5599 5483
5900 5164 5093 5416 6018 5801 5827 5956 5408 5903 5271 5884 5985 6054 5067 5419 5599 5945 5404 5121 5239 5767 5781 5890 5703 5410 5892 5483 5413 5772 5791 5205 5167
5903 5167 5703 5419 6018 6054 5205 5767 5408 5404 5271 5416 5801 5890 5772 5067 5599 5985 5945 5781 5239 5413 5892 5483 5121 5410 5791 5956 5884 5093 5164 5827
5904 5767 5096 5410 5703 5205 5956 5271 5781 5892 5067 5408 5167 5827 6018 5801 5121 5164 5791 5416 5772 5985 5884 5387 5890 5093 5903 5879 5404 5413 5419 5599 5483
5906 5930 6001 5620 5218 5609 5966 6045 6002 5380 5335 5935 5978 5610 5622 5975 6030 5799 5973 5762 5981 5686 5100 5612 5360 5385 5490 5670 5617 5737 5150 5342
5907 5930 6001 5620 5218 5609 5906 6045 6002 5380 5335 5935 5978 5610 5622 5975 6030 5799 5973 5762 5981 5686 5100 5612 5360 5385 5490 5670 5617 5737 5150 5342 5966
5914 5406 5389 5487 5538
5920 5466 5799 5804 5967 5966 5391 5243 5848 5133 5100 6048 5686 5360 5423 5275 5747 5342 5670 5693 5994 5244 6030 5490 5643 5088 5926 5226 6017 5150 5319 5858 5935
5925 5930 6001 5620 5218 5609 5906 6045 6002 5380 5335 5935 5978 5610 5622 5975 6030 5799 5973 5762 5981 5686 5100 5612 5360 5385 5490 5670 5617 5737 5150 5342 5966
5926 5935 5799 5804 5967 5966 5858 5243 5848 5133 5100 6048 5686 5360 5423 5275 5747 5342 5670 5693 5994 5244 6030 5490 5643 5088 5319 5226 6017 5150 5466 5391
5927 5466 5799 5804 5967 5966 5391 5243 5848 5133 5100 6048 5686 5360 5423 5275 5747 5342 5670 5693 5994 5244 6030 5490 5643 5088 5926 5226 6017 5150 5319 5858 5935
5930 5966 6001 5620 5218 5609 5342 6045 6002 5380 5335 5935 5978 5610 5622 5975 6030 5799 5973 5762 5981 5686 5100 5612 5360 5385 5490 5670 5617 5737 5150 5906
5931 5164 5093 5416 6018 5801 5827 5956 5408 5903 5271 5884 5985 6054 5067 5419 5599 5945 5404 5121 5239 5767 5781 5890 5703 5410 5892 5483 5413 5772 5791 5205 5167
5934 5466 5799 5804 5967 5966 5391 5243 5848 5133 5100 6048 5686 5360 5423 5275 5747 5342 5670 5693 5994 5244 6030 5490 5643 5088 5926 5226 6017 5150 5319 5858 5935
5935 5612 5994 5319 5693 5376 5226 5610 5244 5100 5380 5620 5966 5342 6030 6048 5848 5150 5747 5466 5686 5133 5218 5360 5926 5275 6045 5804 5490 5670 5799 5423 5643
5936 5466 5799 5804 5967 5966 5391 5243 5848 5133 5100 6048 5686 5360 5423 5275 5747 5342 5670 5693 5994 5244 6030 5490 5643 5088 5926 5226 6017 5150 5319 5858 5935
5945 5167 5703 5419 6018 6054 5205 5767 5408 5903 5271 5416 5801 5890 5772 5067 5599 5985 5404 5781 5239 5413 5892 5483 5121 5410 5791 5956 5884 5093 5164 5827
5952 5466 5799 5804 5967 5966 5391 5243 5848 5133 5100 6048 5686 5360 5423 5275 5747 5342 5670 5693 5994 5244 6030 5490 5643 5088 5926 5226 6017 5150 5319 5858 5935
5956 5767 5096 5410 5703 5205 5483 5271 5781 5892 5067 5408 5167 5827 6018 5801 5121 5164 5791 5416 5772 5985 5884 5387 5890 5093 5903 5879 5404 5413 5419 5599
5966 5643 5926 6048 5693 5342 5423 5133 5244 5100 5380 5319 5376 5360 5670 6030 5848 5150 5747 5218 5686 5490 6045 5975 5466 5275 5799 5610 5620 5994 5612 5935
5967 5935 5643 5275 5747 5360 5858 5244 5133 5670 5100 5804 5966 5490 5150 5423 5848 5686 5342 6030 5994 6017 5926 5226 5693 5088 5319 5243 6048 5799 5466 5391
5968 5466 5799 5804 5967 5966 5391 5243 5848 5133 5100 6048 5686 5360 5423 5275 5747 5342 5670 5693 5994 5244 6030 5490 5643 5088 5926 5226 6017 5150 5319 5858 5935
5969 5466 5799 5804 5967 5966 5391 5243 5848 5133 5100 6048 5686 5360 5423 5275 5747 5342 5670 5693 5994 5244 6030 5490 5643 5088 5926 5226 6017 5150 5319 5858 5935
5970 5466 5799 5804 5967 5966 5391 5243 5848 5133 5100 6048 5686 5360 5423 5275 5747 5342 5670 5693 5994 5244 6030 5490 5643 5088 5926 5226 6017 5150 5319 5858 5935
5972 5612 5994 5319 5693 5376 5935 5610 5244 5100 5380 5620 5966 5342 6030 6048 5848 5150 5747 5466 5686 5133 5218 5360 5926 5275 6045 5975 5490 5670 5799 5423 5643
5973 5612 5994 5319 5693 5376 5935 5610 5244 5100 5380 5620 5966 5342 6030 6048 5848 5150 5747 5466 5686 5133 5218 5360 5926 5275 6045 5975 5490 5670 5799 5423 5643
5974 5930 6001 5620 5218 5609 5906 6045 6002 5380 5335 5935 5978 5610 5622 5975 6030 5799 5973 5762 5981 5686 5100 5612 5360 5385 5490 5670 5617 5737 5150 5342 5966
5975 5966 5360 5620 5218 5609 5342 6045 6002 5380 5335 5935 5978 5610 5737 5622 6030 5799 5973 5100 5981 5686 5490 5612 5762 5385 5150 5670 5617 6001 5930 5906
5976 5466 5799 5804 5967 5966 5391 5243 5848 5133 5100 6048 5686 5360 5423 5275 5747 5342 5670 5693 5994 5244 6030 5490 5643 5088 5926 5226 6017 5150 5319 5858 5935
5977 5466 5799 5804 5967 5966 5391 5243 5848 5133 5100 6048 5686 5360 5423 5275 5747 5342 5670 5693 5994 5244 6030 5490 5643 5088 5926 5226 6017 5150 5319 5858 5935
5978 5966 5360 5975 5218 5610 5342 5686 6002 5380 5335 5620 5609 5612 5737 5622 6030 5799 5973 5100 5981 5617 5490 5670 5762 5385 5150 6045 5935 6001 5930 5906
5979 5466 5799 5804 5967 5966 5391 5243 5848 5133 5100 6048 5686 5360 5423 5275 5747 5342 5670 5693 5994 5244 6030 5490 5643 5088 5926 5226 6017 5150 5319 5858 5935
5981 5612 5994 5319 5693 5376 5935 5610 5244 5100 5380 5620 5966 5342 6030 6048 5848 5150 5747 5466 5686 5133 5218 5360 5926 5275 6045 5975 5490 5670 5799 5423 5643
5982 5612 5994 5319 5693 5376 5935 5610 5244 5100 5380 5620 5966 5342 6030 6048 5848 5150 5747 5466 5686 5133 5218 5360 5926 5275 6045 5975 5490 5670 5799 5423 5643
5985 5167 5703 5419 6018 6054 5387 5767 5408 5903 5271 5416 5801 5890 5772 5067 5599 5096 5404 5781 5879 5413 5892 5483 5121 5410 5791 5956 5884 5093 5164 5827 5205
5987 5164 5093 5416 6018 5801 5827 5956 5408 5903 5271 5884 5985 6054 5067 5419 5599 5945 5404 5121 5239 5767 5781 5890 5703 5410 5892 5483 5413 5772 5791 5205 5167
5988 5930 6001 5620 5218 5609 5906 6045 6002 5380 5335 5935 5978 5610 5622 5975 6030 5799 5973 5762 5981 5686 5100 5612 5360 5385 5490 5670 5617 5737 5150 5342 5966
5991 5466 5799 5804 5967 5966 5391 5243 5848 5133 5100 6048 5686 5360 5423 5275 5747 5342 5670 5693 5994 5244 6030 5490 5643 5088 5926 5226 6017 5150 5319 5858 5935
5992 5466 5799 5804 5967 5966 5391 5243 5848 5133 5100 6048 5686 5360 5423 5275 5747 5342 5670 5693 5994 5244 6030 5490 5643 5088 5926 5226 6017 5150 5319 5858 5935
5993 5466 5799 5804 5967 5966 5391 5243 5848 5133 5100 6048 5686 5360 5423 5275 5747 5342 5670 5693 5994 5244 6030 5490 5643 5088 5926 5226 6017 5150 5319 5858 5935
5994 5935 5643 5275 5747 5360 5858 5244 5133 5670 5100 5804 5966 5490 5150 5423 5848 5686 5342 6030 5088 6017 5926 5226 5693 5967 5319 5243 6048 5799 5466 5391
5996 5466 5799 5804 5967 5966 5391 5243 5848 5133 5100 6048 5686 5360 5423 5275 5747 5342 5670 5693 5994 5244 6030 5490 5643 5088 5926 5226 6017 5150 5319 5858 5935
5998 5466 5799 5804 5967 5966 5391 5243 5848 5133 5100 6048 5686 5360 5423 5275 5747 5342 5670 5693 5994 5244 6030 5490 5643 5088 5926 5226 6017 5150 5319 5858 5935
6000 5466 5799 5804 5967 5966 5391 5243 5848 5133 5100 6048 5686 5360 5423 5275 5747 5342 5670 5693 5994 5244 6030 5490 5643 5088 5926 5226 6017 5150 5319 5858 5935
6001 5612 5994 5319 5693 5376 5935 5610 5244 5100 5380 5620 5966 5342 6030 6048 5848 5150 5747 5466 5686 5133 5218 5360 5926 5275 6045 5975 5490 5670 5799 5423 5643
6002 5612 5994 5319 5693 5376 5935 5610 5244 5100 5380 5620 5966 5342 6030 6048 5848 5150 5804 5466 5686 5133 5218 5360 5926 5275 6045 5226 5490 5670 5799 5423 5643
6003 5466 5799 5804 5967 5966 5391 5243 5848 5133 5100 6048 5686 5360 5423 5275 5747 5342 5670 5693 5994 5244 6030 5490 5643 5088 5926 5226 6017 5150 5319 5858 5935
6008 5466 5799 5804 5967 5966 5391 5243 5848 5133 5100 6048 5686 5360 5423 5275 5747 5342 5670 5693 5994 5244 6030 5490 5643 5088 5926 5226 6017 5150 5319 5858 5935
6016 5693 5391 5243 5935 5133 5319 5976 5994 5088 5226 5858 5848 5830 6017 5244 5843 5747 5967 5423 5466 6002 5294 6059 5275 5804 5998 5207 6031 6048 5643 5926 5527
6017 5935 5643 5275 5967 5966 5858 5243 5848 5133 5100 5804 5686 5360 5150 5423 5747 5342 5670 6030 5994 5244 5926 5490 5693 5088 5319 5226 6048 5799 5466 5391
6018 5483 5890 5410 5703 5205 5599 5271 5781 5892 5067 5408 5167 5827 5413 5801 5121 5164 5791 5884 5772 5985 5903 5387 5416 5093 5419 5879 5404 5096 5767 5956
6022 5466 5799 5804 5967 5966 5391 5243 5848 5133 5100 6048 5686 5360 5423 5275 5747 5342 5670 5693 5994 5244 6030 5490 5643 5088 5926 5226 6017 5150 5319 5858 5935
6030 5643 5926 5319 5693 5376 5423 5610 5244 5100 5380 5620 5966 5342 5670 6048 5848 5150 5747 5218 5686 5133 6045 5360 5466 5275 5799 5975 5490 5994 5612 5935
6031 5466 5799 5804 5967 5966 5391 5243 5848 5133 5100 6048 5686 5360 5423 5275 5747 5342 5670 5693 5994 5244 6030 5490 5643 5088 5926 5226 6017 5150 5319 5858 5935
6032 5767 5096 5410 5703 5205 5956 5271 5781 5892 5067 5408 5167 5827 6018 5801 5121 5164 5791 5416 5772 5985 5884 5387 5890 5093 5903 5879 5404 5413 5419 5599 5483
6035 5466 5799 5804 5967 5966 5391 5243 5848 5133 5100 6048 5686 5360 5423 5275 5747 5342 5670 5693 5994 5244 6030 5490 5643 5088 5926 5226 6017 5150 5319 5858 5935
6036 5466 5799 5804 5967 5966 5391 5243 5848 5133 5100 6048 5686 5360 5423 5275 5747 5342 5670 5693 5994 5244 6030 5490 5643 5088 5926 5226 6017 5150 5319 5858 5935
6037 5612 5994 5319 5693 5376 5935 5610 5244 5100 5380 5620 5966 5342 6030 6048 5848 5150 5804 5466 5686 5133 5218 5360 5926 5275 6045 5226 5490 5670 5799 5423 5643
6045 5966 5360 5975 5218 5609 5342 5686 6002 5380 5335 5620 5978 5610 5737 5622 6030 5799 5973 5100 5981 5617 5490 5612 5762 5385 5150 5670 5935 6001 5930 5906
6048 5935 5643 5275 5967 5966 5858 5243 5848 5133 5100 5804 5686 5360 5150 5423 5747 5342 5670 6030 5994 5244 5926 5490 5693 5088 5319 5226 6017 5799 5466 5391
6051 5612 5994 5319 5693 5376 5935 5610 5244 5100 5380 5620 5966 5342 6030 6048 5848 5150 5747 5466 5686 5133 5218 5360 5926 5275 6045 5975 5490 5670 5799 5423 5643
6054 5167 5703 5419 6018 5801 5205 5767 5408 5903 5271 5416 5985 5890 5772 5067 5599 5945 5404 5781 5239 5413 5892 5483 5121 5410 5791 5956 5884 5093 5164 5827
6055 5767 5096 5410 5703 5205 5956 5271 5781 5892 5067 5408 5167 5827 6018 5801 5121 5164 5791 5416 5772 5985 5884 5387 5890 5093 5903 5879 5404 5413 5419 5599 5483
6056 5767 5096 5410 5703 5205 5956 5271 5781 5892 5067 5408 5167 5827 6018 5801 5121 5164 5791 5416 5772 5985 5884 5387 5890 5093 5903 5879 5404 5413 5419 5599 5483
6059 5466 5799 5804 5967 5966 5391 5243 5848 5133 5100 6048 5686 5360 5423 5275 5747 5342 5670 5693 5994 5244 6030 5490 5643 5088 5926 5226 6017 5150 5319 5858 5935
6061 5466 5799 5804 5967 5966 5391 5243 5848 5133 5100 6048 5686 5360 5423 5275 5747 5342 5670 5693 5994 5244 6030 5490 5643 5088 5926 5226 6017 5150 5319 5858 5935
