4803 5291 5059 4948 4947 4846 5093 4876 4840 5219 5213 5054 5232 4887 4999 4902 5145 4823 4830 4994 5003 4838 4868 5139 4940 4815 4824 5280 4861 5100 4919 5099 5277
4804 5054 4887 4876 4838 5277 5280 4846 4815 5099 5213 5139 4999 4948 4830 4868 4994 5232 4861 5219 4947 4824 4902 5003 4940 5100 5291 5145 5093 5059 4840 4919 4823
4805 4830 5277 4948 5054 4846 5093 4876 4838 5219 5213 5003 4947 4840 5280 4887 4999 4824 5232 4994 4823 5291 4868 5139 5099 4815 4902 4919 4940 5100 4861 5145 5059
4806 5099 4876 4830 4824 5059 5213 5003 4838 4947 4868 4846 4887 5291 5280 5093 4861 4823 4815 5139 5054 4994 4948 4919 4840 5277 4940 5100 4902 5232 5219 4999 5145
4807 5054 4815 4902 5291 5059 4999 5280 4861 5145 4876 5099 4838 5003 5093 5277 4846 5213 5139 4830 4823 4840 4887 4919 5232 4868 4948 4947 4940 4824 5219 5100 4994
4808 4999 5099 5059 5232 5213 4994 4868 4823 4824 5054 4876 4846 4902 5291 5003 5277 4887 4919 4947 5100 5139 4861 4840 4948 5145 4830 4838 4940 4815 5093 5280 5219
4809 4948 4838 5093 5277 5232 4846 4840 5213 4940 5219 4902 5099 5280 4824 4994 4815 5059 4830 5139 4999 4887 5291 5100 4876 5054 4868 4861 5003 5145 4823 4947 4919
4810 4887 5291 5054 4940 4830 4815 4838 5093 5277 4868 5219 4948 4840 4824 5100 5059 5139 4902 4947 4876 4994 4861 5145 4846 5003 5232 5280 4919 5213 5099 4823 4999
4811 5099 4994 5003 4846 4947 5213 5280 5059 4919 5277 4840 4838 4940 5093 4876 4868 4830 4823 5139 4815 4887 4948 5232 5291 4824 4861 5054 4902 5100 5219 4999 5145
4812 4846 5291 4948 5099 5219 5213 4902 5059 4999 5277 4824 5100 4840 4876 4838 4830 5280 5232 4823 4815 5139 4940 4887 5093 4868 4919 5003 4994 4861 4947 5145 5054
4813 4994 4887 5291 5093 4947 5059 5232 5219 4940 5280 4876 5139 4824 5003 5145 4861 4838 4868 4840 4830 5213 4815 4846 5054 5100 5277 4823 4919 4948 4999 5099 4902
4814 4999 5291 4919 5145 4830 5280 4868 5213 5093 5059 4861 4823 4902 5232 5219 4876 4948 5003 5099 4947 4846 5100 4840 4887 4994 4940 5054 4824 4815 5277 4838 5139
4815 4887 4868 4824 4940 4902 4846 4838 5219 4830 4861 4948 5054 5139 5213 4999 4840 5232 5059 5099 5277 4919 4823 5280 5145 4947 5003 4994 5100 4876 5291 5093
4816 4838 5213 4948 4940 4994 5093 5099 4902 5219 4919 5145 5232 4823 4840 4846 4876 5003 5291 4824 4999 4887 4861 5139 5059 4815 5054 5280 4868 5277 5100 4947 4830
4817 4846 4999 4876 4940 5054 4947 4815 5003 5093 5059 4887 4830 5099 5145 4902 5219 4861 5213 5100 4994 4948 4840 5232 4838 5277 5291 5280 4824 4823 4868 4919 5139
4818 5291 4823 4830 5099 5059 4948 5277 4887 5145 4840 5280 5003 4902 4838 5213 4940 4868 4999 4846 5100 5219 5232 4947 5054 4876 4919 4824 5093 5139 4994 4815 4861
4819 4902 5280 4830 5054 5003 4846 5100 4838 5291 4824 4868 5139 5059 4999 5277 4919 5093 5219 5099 4840 4940 4823 4861 5145 5213 4887 4947 4948 5232 4815 4994 4876
4820 4824 4948 4840 5145 5280 5100 4876 4994 4947 5054 5003 4887 5139 4823 5099 5093 5232 5219 4868 4846 4999 4830 4815 4861 5059 4902 5213 4919 4940 4838 5291 5277
4821 4861 4824 4838 5280 5099 5291 5093 4846 5277 4919 4948 5059 5100 5213 5232 5003 4947 4840 4902 4887 4830 4940 5145 4815 5139 4994 5219 5054 4999 4823 4876 4868
4822 4824 5291 4948 5099 4940 5093 5003 5277 5219 5213 5232 4840 5100 4846 4994 5280 5145 4902 4947 4887 4823 4919 5139 4838 4815 4868 4830 4876 5054 5059 4999 4861
4823 4999 4887 5100 4846 4868 4919 5099 5213 5093 5277 4840 4824 5280 4861 4815 5139 5003 5059 4948 4947 4902 5054 5219 5145 4838 5291 4994 4876 4830 5232 4940
4824 5277 4868 4840 5219 4940 5099 4861 5054 5145 5003 4919 4815 4887 5139 5100 4830 5232 4838 4948 5093 4994 4947 4876 4846 5213 5280 4902 4823 5291 5059 4999
4825 5291 4919 5100 4940 4947 5280 4823 5213 4838 4830 5003 5219 4846 4999 4861 5093 4887 5139 4876 5145 4815 5099 5059 5232 5054 4824 4948 4868 4994 4902 5277 4840
4826 4919 4830 4994 4999 5280 4861 4876 4940 5099 4868 5213 5003 4815 5277 5219 5059 4902 4887 5232 4838 5145 5093 5100 5139 4840 4823 4948 4947 5291 4824 4846 5054
4827 5054 4994 5145 4947 4919 4823 4861 4830 4902 4838 5099 5232 4887 5213 4999 5280 4840 5003 4815 4824 4940 5100 5139 5093 5291 4876 4948 5219 4868 5277 4846 5059
4828 5219 4840 4887 5059 4823 4830 4994 4948 5139 4815 5277 5054 5213 4940 4861 5003 5145 5093 4876 4868 4999 4846 4838 4824 4947 4919 5099 5291 4902 5232 5280 5100
4829 5213 4846 5280 5093 4948 4947 5277 4824 4861 5100 4887 5059 4838 4902 4876 5219 5145 4999 5003 5139 4840 4919 4994 4868 4940 4830 5099 4815 5054 4823 5291 5232
4830 4861 4846 4876 4919 4999 4940 4823 4947 5277 5059 5291 4824 4902 4838 5232 5003 5280 5099 5100 4994 4815 5213 4840 5145 5093 5139 5054 4887 4868 4948 5219
4831 4830 4940 5100 4861 4919 4947 4902 4868 5291 5280 4823 4876 4824 4999 4815 5054 4838 4994 5139 5003 4846 5145 5059 5232 5213 5099 5093 5277 4840 4887 5219 4948
4832 5093 4824 5277 4861 4815 5003 4840 5059 5280 4887 5213 4948 5100 4902 5139 5099 4994 4846 5054 4823 4919 5145 5219 5232 4838 4868 4947 4999 4940 5291 4830 4876
4833 4948 5232 5280 4815 4902 5219 4994 5003 5093 4947 4876 4868 4840 5213 5291 4838 5145 4824 5277 5059 4887 5100 5054 5099 4919 4999 4823 4830 4846 5139 4940 4861
4834 5219 4948 5100 4823 5093 5280 5291 5059 5003 4830 4815 4861 4876 4887 5232 4868 4940 4846 5054 5213 4838 4994 5099 4840 5139 4824 4902 4919 5145 4999 4947 5277
4835 5093 5003 5099 4846 4840 4940 4876 4815 5280 5100 5139 4861 4948 5213 4824 4823 5232 5277 4902 5291 4838 4999 5145 4868 5059 5054 4994 4947 4887 5219 4830 4919
4836 4902 5280 4830 5054 5003 4846 5100 4838 5291 4824 4868 5139 5059 4999 5277 4919 5093 5219 5099 4840 4940 4823 4861 5145 5213 4887 4947 4948 5232 4815 4994 4876
4837 5099 4876 5093 5277 5054 5213 5003 4840 4947 4823 5291 4902 4838 4868 5280 4861 4846 4815 5139 5232 4994 4948 4919 4887 4824 4940 5100 5059 4830 5219 4999 5145
4838 4940 5054 5232 4948 5277 5291 5059 5213 5280 4994 4887 5093 4876 4902 4947 5099 5145 4861 5100 4830 4823 4919 4999 5219 4815 4840 5139 4868 4846 5003 4824
4839 4846 4815 5099 5145 4823 4947 5003 5277 5232 4999 5054 5139 4868 4919 5100 4994 4948 4838 4830 4876 4902 4824 4887 5219 4940 5093 5280 4861 5291 4840 5213 5059
4840 5213 4830 5100 5277 4876 4815 5003 5291 4940 4999 4823 4902 4947 5280 5099 4824 4861 4846 5093 5054 4948 4919 5059 5232 4838 5139 4887 4994 5145 5219 4868
4841 4999 5291 4919 5145 4830 5280 4868 5213 5093 5059 4861 4823 4902 5232 5219 4876 4948 5003 5099 4947 4846 5100 4840 4887 4994 4940 5054 4824 4815 5277 4838 5139
4842 4840 4876 4902 4948 5232 4823 5093 5145 4815 5277 5100 4838 5219 5059 4868 5099 5139 5054 5291 4940 4887 4846 5003 4919 5280 4999 4824 4994 5213 4830 4947 4861
4843 5291 4815 5100 5099 4947 5280 4824 4948 4838 4830 4846 5213 4823 4999 5219 5277 4840 4861 4887 4868 5054 5093 5059 5232 5139 5145 4940 4994 4919 4902 5003 4876
4844 4830 5003 4948 5280 5054 5093 5100 4840 5219 4999 4876 4947 4887 4838 4902 5145 4823 5232 4868 5059 5291 5213 5139 4940 4815 4824 4919 4861 4994 5277 5099 4846
4845 5054 5291 5219 4940 4838 5059 4902 5003 5099 5213 4823 5139 4824 4861 4840 4830 5280 5232 4846 4876 5145 4948 4887 5277 5100 4919 4999 4994 4868 4947 5093 4815
4846 5093 4815 4876 5145 5213 4999 4838 5277 4823 4994 4940 4887 4902 5003 5059 5232 4919 4824 4948 5054 4868 4947 4840 5099 5219 4861 5100 5139 5291 4830 5280
4847 4838 4846 5003 5139 4999 5232 5093 4861 4940 4919 4876 5145 5213 5054 5277 4948 5099 5219 4824 5280 4815 4902 4868 4823 4947 4887 4994 5100 5059 4840 4830 5291
4848 4815 5145 4861 5232 5280 5003 4846 4823 4902 4824 4948 5277 4840 5219 4940 4830 4838 4947 5213 5054 5291 4868 4887 4999 5059 4994 4919 5139 5099 5093 4876 5100
4849 5093 4868 5100 4999 5280 5099 4876 4830 5003 5232 5054 4815 5277 4824 4947 5291 4940 4887 4948 4861 4823 5059 4838 4919 5139 5145 4994 5213 4846 4840 4902 5219
4850 5145 5232 5213 4940 5277 4887 4919 5280 4823 4824 5059 4948 4994 5099 4902 4846 4868 5003 5093 4838 4815 4876 4947 5139 4999 5291 4840 5100 5219 4861 5054 4830
4851 5213 4994 4887 4919 4830 4947 5232 5277 5003 5219 4824 4861 5054 4902 4876 5100 4999 4868 5093 5280 4815 4840 5099 4823 5059 4940 4838 4948 5145 5291 5139 4846
4852 4861 4840 5054 4948 5139 5059 4919 5232 4994 4876 5099 4815 4830 4940 5277 4868 5145 5291 5100 4838 4999 5093 4947 5213 4887 4823 4846 4824 5003 5280 5219 4902
4853 5003 5213 5219 4840 4838 5059 5139 5291 5280 4815 4940 4919 4830 5145 5099 4887 4823 4947 4994 4902 4948 5093 4824 4868 5232 5100 4846 4861 4999 4876 5054 5277
4854 4919 5093 4994 5213 5280 5277 4887 4861 4830 5099 4815 4838 4868 5139 4823 5145 5219 5054 5291 4940 4876 4999 4948 5232 5003 4846 4824 4902 4840 5100 5059 4947
4855 4838 5100 4948 5145 5003 5093 4868 4902 5219 4861 4994 5280 4824 4887 4823 5059 5054 5291 5099 4999 4840 4940 5139 5277 4815 4846 4947 5232 5213 4919 4876 4830
4856 5054 4994 5145 4947 4919 4823 4861 4824 5291 5280 5099 5232 4887 5213 4999 4838 4840 4902 4815 5003 4940 5100 5139 5093 4830 4876 4948 5219 4868 5277 4846 5059
4857 5219 4876 4824 4823 5059 4999 5232 4919 4887 4830 5093 4840 4902 5213 5280 4846 4815 4868 5139 5291 5277 4948 5100 4994 5003 4861 4838 4947 5054 4940 5145 5099
4858 5213 4823 5099 4846 4868 5100 4940 5139 4830 5232 4919 5059 4861 5003 5145 4838 5280 5054 5277 4840 4947 5291 4824 4994 4876 4815 5093 4902 4948 5219 4999 4887
4859 4846 4999 4876 4940 5054 4947 4815 5003 5093 5059 4887 4830 5099 5145 4902 5219 4861 5213 5100 4994 4948 4840 5232 4838 5277 5291 5280 4824 4823 4868 4919 5139
4860 4947 4861 4824 4815 5280 5145 4887 5099 4830 5213 4994 5232 5100 4838 4948 4868 4999 5059 5093 5139 5003 4823 5219 5291 5277 4940 4840 4902 4876 4919 5054 4846
4861 4824 5003 4919 5100 4815 5139 5145 5277 4999 4887 4840 5099 5054 4994 4868 4823 5232 5291 5219 4838 4846 5280 4902 4830 5093 4940 4947 4876 5059 5213 4948
4862 4830 5277 4948 5054 4846 5093 4876 4838 5219 5213 5003 4947 4840 5280 4887 4999 4824 5232 4994 4823 5291 4868 5139 5099 4815 4902 4919 4940 5100 4861 5145 5059
4863 4824 4948 4840 5145 5280 5100 4876 4994 4947 5054 5003 4887 5139 4823 5099 5093 5232 5219 4868 4846 4999 4830 4815 4861 5059 4902 5213 4919 4940 4838 5291 5277
4864 4868 4846 4823 5003 5280 4876 4947 5100 5093 5139 5277 5291 4940 4919 4824 4830 5219 4948 4902 5213 5099 4840 5145 4999 4994 4815 5059 5232 4887 4838 4861 5054
4865 4947 4876 4838 4994 4824 5093 5213 4999 5145 5280 5100 4823 4919 5139 4868 5219 5277 5232 5003 5054 4902 5291 4887 5059 4948 4815 4846 4840 4940 5099 4830 4861
4866 5054 4919 4876 5280 5003 4999 4846 4861 4823 5100 4902 5059 5232 4948 4940 4838 5093 5213 4887 4947 5291 5099 4868 4994 4830 5139 4840 5219 4815 4824 5145 5277
4867 5291 4823 5277 4948 5213 5280 4815 4940 5219 4919 5003 4999 4868 5059 5054 4861 5145 5099 4902 4947 5100 4887 4994 4824 5139 4840 5093 4876 4846 4838 5232 4830
4868 5219 5100 4919 4999 4948 5139 5232 5280 4994 5145 4824 4815 5054 4846 4887 5093 5213 4838 4876 4830 5277 5059 4840 4861 4940 5003 5099 4823 4902 5291 4947
4869 4999 5099 4815 4823 4830 4838 4902 5093 5059 5280 4948 4868 4846 4840 4994 5213 5232 5003 4824 5277 4876 5054 5145 5139 4861 5291 5219 4940 4887 4919 4947 5100
4870 4887 5291 5054 4940 4830 4815 4838 5093 5277 4868 5219 4948 4840 4824 5100 5059 5139 4902 4947 4876 4994 4861 5145 4846 5003 5232 5280 4919 5213 5099 4823 4999
4871 5277 4887 5280 4902 4830 4919 5139 5054 4994 4846 5213 4947 5291 4815 4840 4868 5100 5099 5093 5059 4861 5145 4948 4876 5003 5219 4838 4999 4940 5232 4824 4823
4872 5291 4994 4887 5100 4830 5145 5280 4919 4868 5054 4824 4838 5003 4902 5213 4947 5059 4876 5099 5219 4948 4840 4861 4823 5277 4940 5232 5093 4999 4815 4846 5139
4873 5291 4940 4824 5280 4999 4868 4838 5093 5277 5059 4815 5219 4830 5100 4887 4919 5145 4876 4823 4947 5232 5003 5054 4994 4948 4840 4861 5213 4902 5139 4846 5099
4874 5291 4919 5100 4940 4947 5280 4823 5213 4838 4830 5003 5219 4846 4999 4861 5093 4887 5139 4876 5145 4815 5099 5059 5232 5054 4824 4948 4868 4994 4902 5277 4840
4875 4902 5280 4830 5054 5003 4846 5100 4838 5291 4824 4868 5139 5059 4999 5277 4919 5093 5219 5099 4840 4940 4823 4861 5145 5213 4887 4947 4948 5232 4815 4994 4876
4876 4902 5280 4830 5054 5003 4994 5100 4838 5291 4824 4868 5139 5059 4999 5277 4919 5093 5219 5099 4840 4940 4823 4861 5145 5213 4887 4947 4948 5232 4815 4846
4877 4902 5280 4830 5054 5003 4846 5100 4838 5291 4824 4868 5139 5059 4999 5277 4919 5093 5219 5099 4840 4940 4823 4861 5145 5213 4887 4947 4948 5232 4815 4994 4876
4878 4947 4876 4846 5219 4840 5093 4823 4940 4868 4994 4887 4838 5145 4902 5213 5280 4999 4815 5003 5054 4824 5291 5232 5059 4948 5099 5277 4919 5100 5139 4830 4861
4879 4919 5093 4994 5100 5232 5277 4887 5219 5139 4830 5003 4838 4868 4999 4823 5145 4861 5054 5291 4948 4815 5099 5213 4876 4940 4846 4824 4902 4840 4947 5059 5280
4880 4824 5145 4948 4999 5213 5093 4861 4846 5219 5291 5099 4830 5054 4838 5277 5100 4994 4902 4876 4868 4823 4840 5139 5280 4815 5003 5232 4887 4919 4947 4940 5059
4881 5145 4840 4947 4948 4823 5054 5003 4999 4940 4824 4846 4861 5213 4902 5219 4830 5099 5291 4815 5280 5100 4838 5093 5232 4868 4876 5059 4994 5277 4887 4919 5139
4882 4838 4846 5003 5139 4999 5232 5093 4861 4940 4947 4876 5145 5213 5054 5277 4948 5099 5219 4824 4919 4815 4902 4868 4823 5280 4887 4994 5100 5059 4840 4830 5291
4883 5219 4948 5003 5277 4902 5054 4868 4824 4919 5059 4876 5213 4840 4815 5291 4823 4846 4887 4861 5145 5139 4830 5100 4947 5232 5093 4838 4940 5099 4999 4994 5280
4884 5054 4815 4902 5291 5059 4999 5280 4861 5145 4876 5099 4838 5003 5093 5277 4846 5213 5139 4830 4823 4840 4887 4919 5232 4868 4948 4947 4940 4824 5219 5100 4994
4885 4999 5291 4919 5145 4830 5280 4868 5213 5093 5059 4861 4823 4902 5232 5219 4876 4948 5003 5099 4947 4846 5100 4840 4887 4994 4940 5054 4824 4815 5277 4838 5139
4886 4815 4919 5099 4940 5280 5213 5100 5093 5219 4824 5291 4861 4838 5003 5232 5145 4994 4948 4846 4876 5277 4999 4947 4902 5054 5059 4830 5139 4823 4887 4868 4840
4887 4815 5232 5093 5139 4919 4861 4823 5213 5291 5280 5100 4876 4902 5277 5099 4846 4838 4868 5219 5003 5054 4940 5059 5145 4999 4840 4994 4824 4948 4830 4947
4888 4824 4830 4846 5145 5277 5054 5093 5059 5139 4823 4994 5219 4840 5003 4868 5100 5280 4838 5232 4948 4876 5291 4815 4999 5099 4861 4887 4902 4919 4947 5213 4940
4889 4887 4919 4824 4846 5093 5213 4994 4830 5219 5059 4947 4902 5280 5232 4823 4840 5145 4861 5291 5100 4838 4999 4940 4876 4815 5003 5099 5139 4868 4948 5277 5054
4890 5093 4824 5277 4861 4815 5003 4840 5059 5280 4887 5213 4948 5100 4902 5139 5099 4994 4846 5054 4823 4919 5145 5219 5232 4838 4868 4947 4999 4940 5291 4830 4876
4891 5219 4948 5100 4823 4861 5280 4902 4868 5059 4815 4919 4940 5093 4887 5232 5213 4846 5003 5054 4830 5291 4994 4876 4840 5139 4824 5099 4838 5145 4999 4947 5277
4892 4830 5059 4840 5145 4868 5139 5219 5277 5280 4947 4815 4876 5054 5213 4919 4887 4838 4824 5291 5093 5003 4940 4861 5100 5099 5232 4902 4846 4994 4948 4823 4999
4893 4840 5059 4876 4919 5145 4830 4994 4948 4861 4947 5100 5099 4999 5277 5003 5139 5219 4940 4823 5280 5093 4824 5213 4846 5232 4902 4868 4815 5054 4887 5291 4838
4894 5277 5219 5232 5213 4840 4830 5291 5059 5003 4948 4815 4838 4876 4887 4861 4868 4940 4919 4994 5139 5093 5100 5099 5054 4823 4999 4902 4824 5145 4846 5280 4947
4895 5291 5213 4947 4838 4823 4994 4861 4815 5099 5093 4940 5139 5277 4919 4824 4868 5059 5145 4948 5232 4876 4846 4830 5003 4887 4902 5054 5100 4999 5280 5219 4840
4896 4902 5280 4830 5054 5003 4846 5100 4838 5291 4824 4868 5139 5059 4999 5277 4919 5093 5219 5099 4840 4940 4823 4861 5145 5213 4887 4947 4948 5232 4815 4994 4876
4897 4994 5219 5139 5054 4838 4876 4840 4824 5280 4887 5232 5277 5059 4861 4948 4830 4823 5291 5145 4902 4947 4999 5003 5099 4919 5213 4846 4815 4940 4868 5100 5093
4898 5099 4846 5219 4940 4999 4947 4838 5213 4861 4824 4868 4902 5093 5232 4887 5003 5280 5277 5054 5291 5059 5100 4823 4840 5139 4815 4919 4994 4830 4876 4948 5145
4899 5003 5213 5219 4838 5291 5059 5139 4947 4868 5232 4940 4824 4846 5145 5099 4840 4919 4823 5093 4830 4948 4815 5280 4994 4887 5100 4902 4861 4999 4876 5054 5277
4900 5003 5277 5100 4815 4830 4823 5219 4840 4876 5054 5139 4846 4940 4861 4902 4999 5093 4994 5099 5213 5291 4947 5059 5232 4948 4838 4887 5280 4919 4868 4824 5145
4901 4823 5213 5054 5280 5099 4876 5145 4846 5277 4919 4830 5059 4815 4838 4948 5003 4947 4840 4824 4887 5219 4902 5291 4999 5139 4940 5100 5093 5232 4994 4868 4861
4902 4876 5280 4830 4861 4846 4994 5100 4868 5059 4815 5213 5277 4919 5145 5054 5291 4840 5139 5219 4838 4940 4824 4999 5099 4947 4887 5003 4948 5232 5093 4823
4903 4947 4861 4824 4868 5100 5145 5003 4830 5059 5213 4994 5280 5219 4838 4948 5099 5232 4999 5093 5277 4902 4823 4840 5291 4815 4940 4887 5139 4876 4919 5054 4846
4904 4947 5100 4823 4999 5093 5219 4876 4830 5054 5145 4994 5280 4861 4840 5232 4940 4838 5099 5213 5003 4902 4846 4824 5291 4868 5139 4887 4948 4815 4919 5277 5059
4905 5213 4994 4887 4919 4830 4947 5232 5277 5003 5219 4824 4861 5054 4902 4876 5100 4999 4868 5093 5280 4815 4840 5099 4823 5059 4940 4838 4948 5145 5291 5139 4846
4906 4947 4948 4824 5213 5100 5099 5003 4830 5059 4999 4994 5280 4940 4838 5139 5219 5232 5145 4868 5277 4902 4823 4840 5291 5093 4861 4887 4815 4876 4919 5054 4846
4907 4824 4887 4919 5139 4940 5277 5099 5213 4868 5280 4838 4846 4861 5100 4815 4823 5003 5059 4948 4830 4902 4840 5093 5145 4947 5054 4876 5291 5232 4994 5219 4999
4908 5232 4830 4840 4846 4824 4940 4994 4823 5213 5277 4876 5003 4868 4815 5100 5139 5059 5093 5145 4947 5099 4948 5280 4887 4838 5054 5219 4902 4861 5291 4919 4999
4909 5232 4830 4840 4846 4824 4940 4994 4823 5213 5277 4876 5003 4868 4815 5100 5139 5059 5093 5145 4947 5099 4948 5280 4887 4838 5054 5219 4902 4861 5291 4919 4999
4910 4994 5213 5100 5145 5291 5054 5099 4823 4868 4876 5093 5003 4948 5280 4902 5139 4999 5219 4919 4861 4824 4838 5059 5232 4840 4846 4887 4830 4947 4940 4815 5277
4911 4919 4815 4948 5093 4868 4823 4887 4947 5280 5277 4902 4830 5054 4994 4940 5145 4838 4861 4876 5139 5099 5100 4999 4840 4824 5213 5291 4846 5232 5059 5003 5219
4912 5139 5219 5291 4994 4846 4840 5099 5093 4838 4815 4868 4887 4948 4861 5059 5277 4830 4919 4876 4823 5003 4947 5054 5100 5213 4999 4902 5145 4940 5232 5280 4824
4913 4830 5277 4948 5054 4846 5093 4876 4838 5219 5213 5003 4947 4840 5280 4887 4999 4824 5232 4994 4823 5291 4868 5139 5099 4815 4902 4919 4940 5100 4861 5145 5059
4914 5291 4940 5100 4840 4947 5280 4823 5213 4838 4830 5003 5219 4846 4999 4861 5093 4887 5139 4994 5145 4815 4824 5059 5232 5054 5277 4948 4868 5099 4902 4919 4876
4915 5145 5139 4838 4876 4824 4868 5003 4947 5100 5093 4840 4815 4887 5054 5059 5291 4830 5232 4861 4994 5277 4940 4902 4948 4919 5219 5280 4846 4823 5099 5213 4999
4916 5213 4840 4861 4876 4838 5059 4824 5219 4999 5139 4902 4948 5232 4823 4994 5145 5054 4830 4919 4940 4887 5291 4868 5093 5277 5099 4815 5100 5003 4846 5280 4947
4917 4940 4815 5100 4846 4840 5139 5059 4948 5280 4824 4919 4868 4876 4838 5145 5099 5291 4861 4947 4830 4823 5003 4999 5054 5093 5219 4887 5213 5232 4902 5277 4994
4918 5059 5291 5003 5213 4815 4948 4902 5054 5139 4876 4823 4868 4824 5093 4840 4830 5232 4838 4846 5099 4861 4999 4887 5219 4940 4947 5100 4994 4919 5280 5145 5277
4919 4830 4824 5054 4861 4868 5232 5100 5219 5099 4947 5277 5213 4994 4846 5059 4940 4999 5145 4887 5139 4876 4840 5093 4902 4948 4838 4815 5003 4823 5291 5280
4920 5291 5003 4948 5277 5054 5093 5100 4840 5219 4999 4876 5280 4887 5232 4902 5145 4823 4830 4868 4846 4838 5213 5139 4861 4815 4824 4947 4940 4994 4919 5099 5059
4921 4919 5093 4994 5100 5232 5277 4887 5219 5139 4830 5003 4838 4868 4999 4823 5145 4861 5054 5291 4948 4815 5099 5213 4876 4940 4846 4824 4902 4840 4947 5059 5280
4922 4999 5099 5059 5277 4902 4994 4868 4824 4919 5054 4876 5213 4840 5291 5003 4823 4846 4887 4947 5145 5139 4861 5100 4948 5232 4830 4838 4940 4815 5093 5280 5219
4923 5232 4876 4994 4947 5003 4940 5093 5213 4919 5100 4902 4846 5054 4838 4999 5280 4861 4830 5291 5219 4887 5277 4868 4948 5139 5145 4824 5059 4815 4823 5099 4840
4924 4830 5277 4948 4823 4846 5093 4876 4838 5219 5213 5003 4947 4840 5059 4887 4999 4824 5232 4994 5280 5291 4868 5139 5099 4815 4902 4919 4940 5100 4861 5145 5054
4925 4947 4876 4846 5219 4840 5093 4823 4940 4868 4994 4887 4838 5145 4902 5213 5280 4999 4815 5003 5054 4824 5291 5232 5059 4948 5099 5277 4919 5100 5139 4830 4861
4926 4824 4887 4919 5139 4940 5277 5099 5213 4868 4947 4838 4846 4830 5100 4815 4823 5003 5059 4948 5280 4902 4840 5093 5145 4861 5054 4876 5291 5232 4994 5219 4999
4927 4830 4824 5054 4861 4868 4947 5100 5219 5099 4919 5277 5213 4994 4846 5059 4940 4999 5145 4887 5139 4876 4840 5093 4902 4948 4838 4815 5003 4823 5291 5280 5232
4928 5139 4840 4902 5145 5099 5059 4861 4868 4999 5219 4876 5054 4838 4994 5100 5003 4830 4940 4948 5277 4824 5291 5280 4815 5232 5213 5093 4887 4823 4846 4947 4919
4929 4947 4948 4824 5213 4815 5099 5003 4830 5059 4999 4994 5280 4940 4838 5139 5219 5232 5145 4868 5277 4902 4823 4840 5291 5093 4861 4887 4876 5100 4919 5054 4846
4930 4830 5277 4948 5054 4846 5093 4876 4838 5219 5213 5003 4947 4840 5280 4887 4999 4824 5232 4994 4823 5291 4868 5139 5099 4815 4902 4919 4940 5100 4861 5145 5059
4931 5232 4830 4840 4846 4824 4940 4994 4823 5213 5277 4876 5003 4868 4815 5100 5139 5059 5093 5145 4947 5099 4948 5280 4887 4838 5054 5219 4902 4861 5291 4919 4999
4932 5145 5093 5054 5232 5003 4868 4840 5100 4902 4823 5059 4830 4919 5291 4876 5139 4994 4824 4861 4947 4838 4940 5277 4948 4887 5219 4846 5280 4815 5099 5213 4999
4933 5139 4830 5100 5054 4876 5213 5003 5291 4868 5219 5099 4902 4947 5280 4948 4824 5277 4823 5145 4846 4838 4840 5059 5232 4815 4919 4887 4994 4861 4940 5093 4999
4934 4861 5003 5139 5219 4887 4999 4840 5232 5277 5054 4868 4919 4846 4876 4940 5145 4824 4823 4815 5280 5100 5099 5213 5291 4994 4948 4902 4838 5059 4947 5093 4830
4935 5291 5003 4948 4846 5054 5093 5100 4840 5219 4999 4876 5280 4887 4919 4902 5145 4823 4830 4868 5232 4838 5213 5139 4940 4815 4824 4947 4861 4994 5059 5099 5277
4936 4824 5291 4948 5099 4940 5093 5003 5277 5219 5213 5232 4840 5100 4846 4994 5280 5145 4902 4947 4887 4823 4919 5139 4838 4815 4868 4830 4876 5054 5059 4999 4861
4937 5213 4861 4876 4887 4840 5093 5059 4815 5232 5291 4830 4823 4838 5139 5100 4902 4919 5277 5219 5054 5003 5099 4947 4940 5280 5145 4846 4824 4948 4999 4994 4868
4938 4830 5277 4948 5054 4846 5093 4876 4838 5219 5213 5003 4947 4840 5280 4887 4999 4824 5232 4994 4823 5291 4868 5139 5099 4815 4902 4919 4940 5100 4861 5145 5059
4939 4947 5059 4838 5100 4824 4994 4999 4940 5280 5232 4815 4823 4919 5213 4868 4861 5277 5099 5291 4876 4902 5093 4887 5003 5145 5219 4846 4840 4948 5054 4830 5139
4940 4999 5139 4887 4815 4838 5213 5280 4994 5054 4823 4824 5291 4947 5100 4876 5059 4846 4919 4861 4840 4902 5219 4830 4948 5232 5099 5277 5003 5093 5145 4868
4941 4919 5093 4994 5100 5232 5277 4887 5219 5139 4830 5003 4838 4868 4999 4823 5145 4861 5054 5291 4948 4815 5099 5213 4876 4940 4846 4824 4902 4840 4947 5059 5280
4942 5291 5003 4948 5277 5054 5093 4994 4840 5219 5145 4876 5280 4887 5232 4902 5099 4823 4830 5213 4846 4838 4999 5139 4861 4815 4824 4947 4919 4868 5100 4940 5059
4943 4999 5059 4948 5003 4994 5093 4868 5054 5219 4902 4876 5100 4861 4830 4947 5280 5291 5213 5099 5232 5145 4840 5139 4887 4815 4940 5277 4919 4838 4824 4846 4823
4944 5059 4876 4887 4868 5099 5213 5219 4947 4919 5139 4823 5277 4846 4861 4815 4948 4830 5003 5145 4824 5093 4940 5291 4994 5232 5054 5280 5100 4902 4999 4840 4838
4945 4876 4824 5100 4994 5291 4846 4948 4840 4815 5277 4823 4887 5139 5054 5280 4830 4868 4838 5145 4902 4940 5093 5059 5232 5003 4947 5219 5099 4919 4999 5213 4861
4946 5145 5139 4838 4876 4824 4868 5003 4947 5100 5093 4840 4815 4887 5054 5059 5291 4830 5232 4861 4994 5277 4940 4902 4948 4919 5219 5280 4846 4823 5099 5213 4999
4947 5059 4948 5054 4815 4830 4861 4868 5099 4846 5003 5232 5093 5219 4940 4994 4919 5213 4823 4887 5277 4876 4824 5100 5139 4838 5145 5280 4902 4840 5291 4999
4948 5059 5099 4887 5054 4846 5145 4876 4838 5219 5213 5003 4947 4840 5100 5280 4999 4824 5232 4868 4823 5291 4902 5139 4994 4815 4861 4919 4940 5277 4830 5093
4949 5232 4830 4840 4846 4824 4940 4994 4823 5213 5277 4876 5003 4868 4815 5100 5139 5059 5093 5145 4947 5099 4948 5280 4887 4838 5054 5219 4902 4861 5291 4919 4999
4950 4830 4824 5054 4861 4868 4947 5100 5219 5099 4919 5277 5213 4994 4846 5059 4940 4999 5145 4887 5139 4876 4840 5093 4902 4948 4838 4815 5003 4823 5291 5280 5232
4951 4815 4887 5291 5280 4947 5059 5232 5219 5099 4861 4876 5139 4824 5003 4999 4940 4838 4994 4840 4830 4868 5100 4846 5054 5093 5277 4823 4919 4948 5213 5145 4902
4952 4830 5277 4948 5054 4846 5093 4876 4838 5219 5213 5003 4947 4840 5280 4887 4999 4824 5232 4994 4823 5291 4868 5139 5099 4815 4902 4919 4940 5100 4861 5145 5059
4953 4830 5277 4948 5054 4846 5093 4876 4838 5219 5213 5003 4947 4840 5280 4887 4999 4824 5232 4994 4823 5291 4868 5139 5099 4815 4902 4919 4940 5100 4861 5145 5059
4954 5100 5291 4823 4861 4815 5099 4902 5093 4868 5219 5277 5232 5059 4948 4846 4830 4838 4840 5003 4999 5280 5054 4887 4876 5139 4919 4940 4994 5213 4947 4824 5145
4955 4919 5100 4994 4868 5280 5277 4887 4861 4830 4940 4823 5232 4815 5213 4824 5145 5219 5054 5291 5099 4876 4999 4948 5093 5003 4846 4840 4902 4838 5139 5059 4947
4956 4830 5277 4948 5054 4846 5093 4876 4838 5219 5213 5003 4947 4840 5280 4887 4999 4824 5232 4994 4823 5291 4868 5139 5099 4815 4902 4919 4940 5100 4861 5145 5059
4957 4838 5100 4948 5145 5003 5093 4868 4902 5219 4861 4994 5280 4824 4887 4823 5059 5054 5291 5099 4999 4840 4940 5139 5277 4815 4846 4947 5232 5213 4919 4876 4830
4958 5059 5093 4999 4838 4919 4824 4940 5280 4830 4887 5145 5232 5139 4868 5213 4902 4840 5003 5100 5291 5219 4876 4948 4815 4947 5277 4861 5099 4994 5054 4823 4846
4959 5145 5232 5059 4838 4868 4887 4947 4940 4846 4815 5100 5003 5139 4902 5213 4999 4823 5280 5093 5219 4840 4876 5277 4948 4824 5291 4994 4919 5099 4861 5054 4830
4960 4838 4840 4887 4940 4947 4902 5280 5277 5003 4824 5213 5099 4999 5100 5054 4846 5232 5145 4868 5139 4861 5219 4994 4919 4815 5059 4830 4823 4948 4876 5291 5093
4961 5139 4919 4948 4815 5277 5232 5054 5145 5059 5280 4902 4838 5093 5003 4824 5100 5213 4823 4876 4861 4887 4947 5099 4940 4999 4830 5291 4868 4846 4994 5219 4840
4962 4838 5139 5100 4994 5280 4830 4824 5219 4840 5291 4846 5093 4823 4861 5213 5277 4887 5099 4815 4876 5054 4919 5059 5232 4940 5145 4999 5003 4947 4902 4868 4948
4963 5232 4830 4840 4846 4824 4940 4994 4823 5213 5277 4876 5003 4868 4815 5100 5139 5059 5093 5145 4947 5099 4948 5280 4887 4838 5054 5219 4902 4861 5291 4919 4999
4964 4999 5291 4919 5145 4830 5280 4868 5213 5093 5059 4861 4823 4902 5232 5219 4876 4948 5003 5099 4947 4846 5100 4840 4887 4994 4940 5054 4824 4815 5277 4838 5139
4965 4830 5003 4948 5280 4846 5093 5100 4838 5219 5145 4876 4947 4840 4868 4887 5099 4824 5232 5213 5277 5291 4999 5139 4861 4815 4902 4919 5059 4994 5054 4940 4823
4966 4948 5003 5054 5280 4887 4999 4840 5232 5277 4994 4868 4919 4846 4876 4861 5145 4824 4823 4815 5099 5100 5219 5213 5291 4940 5139 4902 4838 5059 4947 5093 4830
4967 4994 5213 5054 5280 4876 4868 5099 5291 5277 4846 4830 5059 4947 4838 5139 5003 4919 4840 4824 4887 4940 4815 5219 5145 4999 4902 5100 5093 5232 4948 4861 4823
4968 5291 5219 5100 5099 4947 5280 4846 4823 4887 4830 4876 4948 5054 5139 5277 5213 4902 4940 5093 4861 4994 4840 5059 5232 4919 4815 5003 5145 4838 4824 4999 4868
4969 5277 5219 5232 5213 4840 4830 5291 5059 5003 4948 4815 4838 4876 4887 4861 4868 4940 4919 4994 5139 5093 5100 5099 5054 4823 4999 4902 4824 5145 4846 5280 4947
4970 5291 4838 4999 5145 5099 5139 4824 4876 4994 5280 4846 5213 5232 4840 5059 4947 4830 4940 5277 4948 4919 4861 5003 4868 4902 5054 4823 4887 4815 5100 5219 5093
4971 4830 5277 4948 5054 4846 5093 4876 4838 5219 5213 5003 4947 4840 5280 4887 4999 4824 5232 4994 4823 5291 4868 5139 5099 4815 4902 4919 4940 5100 4861 5145 5059
4972 4947 5145 5059 4861 5099 5232 4868 4830 5100 4948 4994 5280 4876 4824 4838 5213 4840 5139 4940 5093 4902 5054 4823 5291 5219 5277 4887 4846 4999 4919 4815 5003
4973 4846 4999 4876 4940 5054 4947 4815 5003 5093 5059 4887 4830 5099 5145 4902 5219 4861 5213 5100 4994 4948 4840 5232 4838 5277 5291 5280 4824 4823 4868 4919 5139
4974 5145 5139 4838 4876 4824 4868 5003 4947 5100 5093 4840 4815 4887 5054 5059 5291 4830 5232 4861 4994 5277 4940 4902 4948 4919 5219 5280 4846 4823 5099 5213 4999
4975 4815 5280 4994 4919 4947 4948 4902 5054 5277 4846 4823 4940 4824 4830 4887 4876 4868 5291 4999 5145 4840 5232 5219 4838 5093 4861 5213 5059 5100 5003 5139 5099
4976 4830 5145 4948 4919 5054 4887 5291 4940 4947 4838 5232 5093 4994 4861 4815 4902 4824 4868 5280 5003 4999 4823 5213 4876 5219 4840 5099 5059 5277 5139 5100 4846
4977 4823 5139 5003 5099 5059 4947 5100 5277 4815 4846 4887 4830 4999 5213 4902 5145 5219 4868 4876 4994 4940 4948 5232 4838 5054 5291 5280 4840 4824 5093 4919 4861
4978 4830 5277 4948 5054 4846 5093 4876 4838 5219 5213 5003 4947 4840 5280 4887 4999 4824 5232 4994 4823 5291 4868 5139 5099 4815 4902 4919 4940 5100 4861 5145 5059
4979 5054 4948 4840 4876 5277 4830 4887 5100 4861 4994 4902 5099 4823 4868 4838 5232 5280 5145 5003 4940 4846 5291 4824 5059 4815 5093 4919 4999 5213 5219 5139 4947
4980 5291 5003 4948 5277 5054 5093 5100 4840 5219 4999 4876 4947 4887 5280 4902 5145 4823 4830 4868 4846 4838 5213 5139 4940 4815 4824 4919 4861 4994 5232 5099 5059
4981 5145 4840 4947 4948 4823 5054 5003 4999 4940 4824 4846 4861 5213 4902 5219 4830 5099 5291 4815 5280 5100 4838 5093 5232 4868 4876 5059 4994 5277 4887 4919 5139
4982 5059 5291 5213 4868 4815 4948 4902 5054 5139 4876 4823 4999 4824 5093 4840 4830 5280 5232 4846 5219 5145 5003 4887 4940 4861 4919 5100 4994 4838 4947 5099 5277
4983 5145 4887 4840 4823 5139 5280 5232 4815 4830 5291 5219 4876 4994 4948 4861 5213 5099 4838 4868 4919 5054 5059 5003 4824 4846 4940 4902 5093 4947 4999 5100 5277
4984 5100 5145 4861 5059 4902 5277 4887 4840 4999 5054 4948 5280 4823 5219 4940 5232 4919 4824 4868 4846 4830 4994 5291 5213 4838 5093 4947 5139 5099 4815 5003 4876
4985 4838 4815 4846 4947 5003 5099 5093 5219 4823 4824 4902 5100 5054 4999 4994 5277 4861 4830 4876 4919 4887 5291 5280 4868 4940 5213 4948 5059 5139 5145 4840 5232
4986 5280 4919 4823 5099 4868 4948 5100 4830 5054 5219 4994 5232 4815 4840 5003 5139 4838 4940 5145 4876 4902 4846 4824 5291 4999 5213 4887 4861 5093 4947 5277 5059
4987 4846 5100 5099 4940 5213 5232 4868 4830 5145 4999 4947 5139 5093 5277 4902 5291 5003 4876 4861 4919 4838 5280 5059 4815 4823 4887 4824 5219 4840 4948 4994 5054
4988 4948 4902 4824 5280 5093 5003 5219 4940 5291 4861 4823 4815 5139 4846 4919 4830 4994 5099 5100 4947 5232 4838 4887 4840 4999 4868 5054 5277 5145 5213 5059 4876
4989 4838 5219 4994 4999 5099 5145 5093 4868 5054 5291 5100 5280 4861 4846 4824 4948 4919 4940 5277 5139 5059 4840 4823 4902 4830 5232 5213 5003 4947 4815 4887 4876
4990 4902 5280 4830 5054 5003 4846 5100 4838 5291 4824 4868 5139 5059 4999 5277 4919 5093 5219 5099 4840 4940 4823 4861 5145 5213 4887 4947 4948 5232 4815 4994 4876
4991 5003 5291 5093 4838 4999 4876 4902 5100 5277 4868 5059 4940 4846 5099 4823 4830 4840 4824 5054 5139 4861 4948 4887 5232 5145 4947 5213 4994 4919 5280 5219 4815
4992 4876 4902 4919 4887 4823 5145 5277 4838 4999 5059 4840 5280 5003 5100 4815 4824 4846 4940 5219 4830 4994 5232 4868 5099 5054 4948 5139 4947 5213 5093 4861 5291
4993 5219 5003 4823 4846 5059 4999 5277 4887 4868 4824 5093 5291 4902 5213 5280 4919 4840 4815 5139 5232 4947 4948 4876 4994 5100 4861 4838 4830 5054 4940 5145 5099
4994 4876 4902 4824 4999 5099 4887 5093 4868 5054 5291 5100 5280 4861 4947 4846 4948 4919 4940 4840 5139 5059 5232 4823 5277 4830 4815 5213 5003 5219 4838 5145
4995 5277 5145 4876 5291 5059 4887 4919 4830 4861 4846 4994 4840 4948 4902 5280 4940 5213 4947 4838 5003 5100 5093 4999 5139 4815 5219 5054 4868 5099 5232 4824 4823
4996 5059 5291 4919 5219 4940 4999 4902 5054 5145 5003 4823 4815 4824 5100 4840 4830 5232 4838 4846 5093 4861 4948 4887 4868 5213 4947 4876 4994 5139 5280 5099 5277
4997 4940 4830 5099 5139 4876 4902 4919 5280 4846 4823 5054 4994 4999 4861 4824 5059 5145 5100 5213 4838 4868 4815 4947 5003 5219 4840 4887 5093 4948 5232 5277 5291
4998 4948 4838 5093 5277 5232 4846 4840 5213 4940 5219 4902 5099 5280 4824 4994 4815 5059 4830 5139 4999 4887 5291 5100 4876 5054 4868 4861 5003 5145 4823 4947 4919
4999 5145 4861 5291 5099 4994 5280 5219 4840 5139 5059 5003 4940 4824 4902 4947 4830 4876 4868 5054 4823 4815 5277 5232 4838 5213 4948 5100 4887 4846 5093 4919
5000 4830 5277 4948 5054 4846 5093 4876 4838 5219 5213 5003 4947 4840 5280 4887 4999 4824 5232 4994 4823 5291 4868 5139 5099 4815 4902 4919 4940 5100 4861 5145 5059
5001 5003 5291 5213 4838 5099 4840 4902 5100 4999 5219 5059 4815 4846 4948 4824 4830 5280 5232 5054 4876 4823 5139 4887 5277 4861 4919 4940 4994 5145 4947 5093 4868
5002 4902 5280 4830 5054 5003 4846 5100 4838 5291 4824 4868 5139 5059 4999 5277 4919 5093 5219 5099 4840 4940 4823 4861 5145 5213 4887 4947 4948 5232 4815 4994 4876
5003 4876 4999 4940 4919 4838 5277 4947 4840 4846 4830 4861 5059 4824 5099 5219 5280 4887 5232 4868 4815 5139 4994 4902 5213 4823 5093 5291 4948 5145 5100 5054
5004 4999 5059 4824 4823 4947 5100 5291 4868 4838 5280 4840 5139 5219 4830 4919 5213 4846 4902 5099 4876 4940 4887 4948 5093 4994 5145 5003 4815 5232 5277 4861 5054
5005 4823 4947 5219 4840 4846 4830 5277 4902 5145 4868 4994 4948 4838 4815 4887 5291 5232 4876 4999 5093 5280 5213 4861 4919 5059 5003 5100 5054 5099 4940 4824 5139
5006 5219 4948 5003 4823 4840 5054 5139 4919 4887 5145 5059 4902 5100 4815 5291 4824 5213 4846 4861 5232 4940 4830 4838 4947 5277 5093 4868 4876 5099 4999 4994 5280
5007 4846 5291 5277 5213 5100 5219 4902 5059 4940 5003 4824 4868 4840 4815 4838 4830 5280 5232 4823 4999 4861 5093 4887 5145 5099 4919 4876 4994 5139 4947 4948 5054
5008 4868 4940 4876 4887 5291 4815 5277 5232 5054 4838 5003 4824 4947 4948 5139 5100 5059 4919 5099 5280 4902 5145 4823 5219 4840 4999 4846 4830 4861 5213 5093 4994
5009 5099 4940 5100 5054 5277 4861 4846 5280 5093 4999 4840 5232 4824 4868 4838 4830 5145 4994 5059 4823 5213 5003 4919 4876 5219 5291 4887 4902 5139 4815 4947 4948
5010 5232 4830 4840 4846 4824 4940 4994 4823 5213 5277 4876 5003 4868 4815 5100 5139 5059 5093 5145 4947 5099 4948 5280 4887 4838 5054 5219 4902 4861 5291 4919 4999
5011 5213 4838 5059 4948 5291 5093 4999 4940 5219 5099 4887 4823 4840 4868 4876 4824 4919 4861 5145 4947 4902 5003 4994 5100 5280 5232 4830 4846 5054 5277 5139 4815
5012 4823 5100 5213 4815 4824 4947 5277 5139 4838 5003 5059 4861 5093 4919 4876 5054 4940 4868 4830 5099 4902 4840 4887 4999 5145 4948 5280 5219 5291 5232 4994 4846
5013 4861 5059 4919 5280 5213 5100 5099 5139 4947 4824 4823 5291 4994 4846 4902 4940 5145 4948 4815 5093 5232 4840 4838 4887 5219 4868 4830 5003 4999 5277 5054 4876
5014 5059 5291 4876 5277 5093 4940 4902 5054 4948 5100 4823 5213 4824 4868 4840 4830 5232 4838 4846 5145 4861 4999 4887 5099 5219 4947 4815 4994 4919 5280 5139 5003
5015 4830 5277 4948 5054 4846 5093 4876 4838 5219 5213 5003 4947 4840 5280 4887 4999 4824 5232 4994 4823 5291 4868 5139 5099 4815 4902 4919 4940 5100 4861 5145 5059
5016 5145 5139 4838 4876 4824 4868 5003 4947 5100 5093 4840 4815 4887 5054 5059 5291 4830 5232 4861 4994 5277 4940 4902 4948 4919 5219 5280 4846 4823 5099 5213 4999
5017 4846 4999 4876 4940 5054 4947 4815 5003 5093 5059 4887 4830 5099 5145 4902 5219 4861 5213 5100 4994 4948 4840 5232 4838 5277 5291 5280 4824 4823 4868 4919 5139
5018 4830 4824 5054 4861 4868 4947 5100 5219 5099 4919 5277 5213 4994 4846 5059 4940 4999 5145 4887 5139 4876 4840 5093 4902 4948 4838 4815 5003 4823 5291 5280 5232
5019 5219 5003 4823 4846 5059 4999 5277 4887 4868 4824 5093 5291 4902 5213 5280 4919 4840 4815 5139 5232 4947 4948 4876 4994 5100 4861 4838 4830 5054 4940 5145 5099
5020 5054 4919 4876 5280 5003 4999 4846 4861 4823 5100 4902 5059 5232 4948 4940 4838 5093 5213 4887 4947 5291 5099 4868 4994 4830 5139 4840 5219 4815 4824 5145 5277
5021 5232 4830 4840 4846 4824 4940 4994 4823 5213 5277 4876 5003 4868 4815 5100 5139 5059 5093 5145 4947 5099 4948 5280 4887 4838 5054 5219 4902 4861 5291 4919 4999
5022 4919 4838 4823 5099 5219 5277 4948 4868 5145 4887 4902 5054 5232 4824 4994 5003 4830 4861 5100 4846 4840 5291 5280 4815 4940 4999 5093 4876 5213 5139 5059 4947
5023 5100 4823 5099 5232 5219 5213 4940 4824 4994 5054 4887 4846 4838 4902 5139 4861 5145 4815 5059 5093 4840 4919 5003 4876 4999 4830 4868 5277 4947 4948 5291 5280
5024 5232 4823 4948 5099 4824 5093 5059 5291 5219 4876 4846 4947 4838 4861 4840 5100 4902 5280 5277 4940 4830 5003 5139 4868 4815 4887 4919 5213 5054 4999 4994 5145
5025 5219 4948 5100 4823 4861 5280 4902 4868 5059 4815 4919 4940 5093 4887 5232 5213 4846 5003 5054 4830 5291 4994 4876 4840 5139 4824 5099 4838 5145 4999 4947 5277
5026 4846 4999 4876 4940 5054 4947 4815 5003 5093 5059 4887 4830 5099 5145 4902 5219 4861 5213 5100 4994 4948 4840 5232 4838 5277 5291 5280 4824 4823 4868 4919 5139
5027 4846 4999 4876 4940 5054 4947 4815 5003 5093 5059 4887 4830 5099 5145 4902 5219 4861 5213 5100 4994 4948 4840 5232 4838 5277 5291 5280 4824 4823 4868 4919 5139
5028 5099 4994 5003 4846 4947 5213 5280 5059 4919 5277 4840 4838 4940 5093 4876 4868 4830 4823 5139 4815 4887 4948 5232 5291 4824 4861 5054 4902 5100 5219 4999 5145
5029 4830 5291 4940 5145 4846 5219 5100 5277 4823 4994 5139 4887 5213 5059 4876 5232 4919 4824 5099 5054 4838 4948 4902 4815 5280 4947 4840 4868 5003 4861 4999 5093
5030 4846 4999 4876 4940 5054 4947 4815 5003 5093 5059 4887 4830 5099 5145 4902 5219 4861 5213 5100 4994 4948 4840 5232 4838 5277 5291 5280 4824 4823 4868 4919 5139
5031 5145 4840 4947 4948 4823 5054 5003 4999 4940 4824 4846 4861 5213 4902 5219 4830 5099 5291 4815 5280 5100 4838 5093 5232 4868 4876 5059 4994 5277 4887 4919 5139
5032 4838 4815 4846 4947 5003 5099 5093 5219 4823 4824 4902 5100 5054 4999 4994 5277 4861 4830 4876 4919 4887 5291 5280 4868 4940 5213 4948 5059 5139 5145 4840 5232
5033 5093 5277 4887 5213 5003 4947 4902 5280 4994 4948 5059 4830 4823 4840 4815 4940 5099 4838 4876 5145 4846 5054 4824 4861 5232 5100 4919 4999 4868 5291 5139 5219
5034 4940 5213 4815 5232 5219 4838 4919 4948 4902 5099 5003 4876 4994 4868 5054 4823 5145 4830 5100 5059 5139 4887 5093 4947 5280 4824 5277 4861 4846 5291 4999 4840
5035 4830 4824 5054 4861 4868 4947 5100 5219 5099 4919 5277 5213 4994 4846 5059 4940 4999 5145 4887 5139 4876 4840 5093 4902 4948 4838 4815 5003 4823 5291 5280 5232
5036 5291 4940 5100 4840 4947 5280 4823 5213 4838 4830 5003 5219 4846 4999 4861 5093 4887 5139 4994 5145 4815 4824 5059 5232 5054 5277 4948 4868 5099 4902 4919 4876
5037 4861 5145 5291 4815 4999 5099 5059 4868 4902 4947 5232 4824 5093 4846 4994 4876 4919 5003 5100 5054 4823 5213 4887 5277 4830 5139 4838 4840 5280 4948 5219 4940
5038 4846 5291 4948 5099 5219 5213 4902 5059 4999 5277 4824 5100 4840 4876 4838 4830 5280 5232 4823 4815 5139 4940 4887 5093 4868 4919 5003 4994 4861 4947 5145 5054
5039 5054 5291 5099 5219 4838 5059 4902 5003 4999 4868 4823 4948 4824 4940 4840 4830 5280 5232 4846 4876 5145 4861 4887 5277 5139 4919 5213 4994 5093 4947 4815 5100
5040 4887 5291 5054 4940 4830 4815 4838 5093 5277 4868 5219 4948 4840 4824 5100 5059 5139 4902 4947 4876 4994 4861 5145 4846 5003 5232 5280 4919 5213 5099 4823 4999
5041 4940 4815 5100 4846 4840 5139 5059 4948 5280 4824 4919 4868 4876 4838 5145 5099 5291 4861 4947 4830 4823 5003 4999 5054 5093 5219 4887 5213 5232 4902 5277 4994
5042 5054 4887 4876 4838 5277 5280 4846 4815 5099 5213 5139 4999 4948 4830 4868 4994 5232 4861 5219 4947 4824 4902 5003 4940 5100 5291 5145 5093 5059 4840 4919 4823
5043 4861 5003 5139 4994 4887 4999 4840 5232 5277 5280 4868 4919 4846 4876 4940 5145 4824 4823 4815 5054 5100 5099 5213 5291 5219 4948 4902 4838 5059 4947 5093 4830
5044 4830 4940 5100 4861 4919 4947 4902 4868 5291 5280 4823 4876 4824 4999 4815 5054 4838 4994 5139 5003 4846 5145 5059 5232 5213 5099 5093 5277 4840 4887 5219 4948
5045 4861 5219 5059 4999 5139 5054 4840 4846 5280 4887 5100 4868 5277 4902 5213 4940 5003 4823 4948 4824 4919 5093 4994 5232 4838 4876 4947 4815 5099 5291 4830 5145
5046 4830 5277 4948 5054 4846 5093 4876 4838 5219 5213 5003 4947 4840 5280 4887 4999 4824 5232 4994 4823 5291 4868 5139 5099 4815 4902 4919 4940 5100 4861 5145 5059
5047 4830 5277 4948 5054 4846 5093 4876 4838 5219 5213 5003 4947 4840 5280 4887 4999 4824 5232 4994 4823 5291 4868 5139 5099 4815 4902 4919 4940 5100 4861 5145 5059
5048 5145 5139 4838 4876 4824 4868 5003 4947 5100 5093 4840 4815 4887 5054 5059 5291 4830 5232 4861 4994 5277 4940 4902 4948 4919 5219 5280 4846 4823 5099 5213 4999
5049 4840 5059 5100 4947 5219 4830 5213 5280 5139 4815 5093 4940 5099 5277 4876 5003 4861 4948 4823 5232 4868 4824 5145 4846 4919 4902 4999 4994 5054 4887 5291 4838
5050 4838 4868 5100 5277 4947 4830 4824 5219 4840 5291 4846 4994 4823 4861 5213 5003 4887 5145 4876 5093 5054 4948 5059 5232 4940 5139 4999 4815 4919 4902 5099 5280
5051 4838 5100 4948 5145 5003 5093 4868 4902 5219 4861 4994 5280 4824 4887 4823 5059 5054 5291 5099 4999 4840 4940 5139 5277 4815 4846 4947 5232 5213 4919 4876 4830
5052 4838 5219 4994 4999 5099 5145 5093 4868 5054 5291 5100 5280 4861 4846 4824 4948 4919 4940 5277 5139 5059 4840 4823 4902 4830 5232 5213 5003 4947 4815 4887 4876
5053 5291 5003 4948 5232 5054 5093 4994 4840 5219 4940 5100 5280 4887 4919 4902 4861 4823 4830 5213 5145 4838 4999 5139 4876 4815 4824 4947 5059 4868 5277 5099 4846
5054 4887 5277 4815 4830 5219 4840 5213 5291 5139 5232 5093 4940 5099 4876 5100 4947 4861 4948 4846 4919 4868 4823 5145 5059 5280 4824 4999 4994 5003 4902 4838
5055 4947 5277 5099 5003 4838 4940 4830 5100 5145 4846 5139 4994 5219 5213 4902 4861 4824 5059 4919 5291 5054 5280 4815 4823 4948 4999 4868 4887 4840 4876 5093 5232
5056 4846 4815 4999 4830 5100 5219 5213 4868 5277 4947 4994 5139 5145 5054 5291 4876 5280 4840 4902 5093 4838 4948 5059 4940 4861 4824 4823 5099 4887 5003 5232 4919
5057 5099 5280 5139 5003 4876 4940 4887 4846 4824 4999 4902 4948 5093 4823 4840 5145 4838 4815 5277 5054 4861 4947 4830 4868 5219 5232 5059 5213 4919 5100 4994 5291
5058 4823 4876 4994 5232 4861 4887 5145 4919 4830 4947 4868 4948 4940 4815 5093 4838 5139 4840 5277 5291 4999 5054 5219 5003 5280 5059 5099 5213 5100 4846 4902 4824
5059 5291 5232 5139 4815 4919 4994 4902 5213 5054 4823 5100 4999 4861 4887 5093 4824 5003 5145 5280 4947 4876 4830 5277 4948 4838 4868 4940 5099 5219 4846 4840
5060 5291 4876 4948 5003 5277 5093 4994 4840 5219 5145 5100 5280 4887 5232 4902 5099 4846 4830 5213 5054 4838 4999 5139 4861 4815 4824 4919 4823 4868 4947 4940 5059
5061 4830 5277 4948 5054 4846 5093 4876 4838 5219 5213 5003 4947 4840 5280 4887 4999 4824 5232 4994 4823 5291 4868 5139 5099 4815 4902 4919 4940 5100 4861 5145 5059
5062 4823 5099 5100 4868 4830 4887 5213 5219 5054 4824 4940 5291 4999 4861 4919 4846 4876 4948 5003 4902 5139 5093 5059 5232 5277 5280 4947 4840 5145 4815 4994 4838
5063 4902 5280 4830 5054 5003 4846 5100 4838 5291 4824 4868 5139 5059 4999 5277 4919 5093 5219 5099 4840 4940 4823 4861 5145 5213 4887 4947 4948 5232 4815 4994 4876
5064 4887 5291 5054 4940 4830 4815 4838 5093 5277 4868 5219 4948 4840 4824 5100 5059 5139 4902 4947 4876 4994 4861 5145 4846 5003 5232 5280 4919 5213 5099 4823 4999
5065 4999 5099 5059 5277 4902 4994 4868 4824 4919 5145 4876 5213 4840 5291 5003 4823 4846 4887 4947 5054 5139 4861 5100 4948 5232 4830 4838 4940 4815 5093 5280 5219
5066 4846 4999 4876 4940 5054 4947 4815 5003 5093 5059 4887 4830 5099 5145 4902 5219 4861 5213 5100 4994 4948 4840 5232 4838 5277 5291 5280 4824 4823 4868 4919 5139
5067 5059 5291 5093 4940 4861 5145 4902 5054 5099 5003 4823 4815 4840 5100 4838 4830 5280 5232 4846 4868 4824 4948 4887 5213 4999 4919 4876 4994 5139 4947 5219 5277
5068 4840 4947 4823 5003 4838 5219 5059 4861 5054 4887 5277 4994 4876 4815 5100 5213 5291 4868 5232 4824 5093 5139 4919 4940 5280 5145 4902 4846 4999 5099 4948 4830
5069 4838 4815 4846 4947 5003 5099 5093 5219 4823 4824 4902 5100 5054 4999 4994 5277 4861 4830 4876 4919 4887 5291 5280 4868 4940 5213 4948 5059 5139 5145 4840 5232
5070 5219 5100 4868 4846 5277 4999 4876 4887 4947 4830 5054 4824 4840 5213 5280 4861 5059 5093 5232 4838 4994 5139 4919 4902 5003 4948 4815 4823 5291 4940 5145 5099
5071 4823 5213 5054 5280 5099 4876 5145 4846 5277 4919 4830 5059 4815 4838 4948 5003 4947 4840 4824 4887 5219 4902 5291 4999 5139 4940 5100 5093 5232 4994 4868 4861
5072 5054 5291 4919 4948 5139 5219 4902 5277 4940 5100 4846 4868 4823 5093 4824 4830 4838 4840 5059 4999 5213 5280 4887 5145 5099 4947 4815 4994 4876 5232 4861 5003
5073 4830 4861 5100 4948 4919 4947 4887 5213 5291 5280 4824 5003 4902 5145 5093 4846 4838 4868 4815 5277 4823 5099 5059 5232 4999 5219 4994 5054 4876 4840 4940 5139
5074 4999 5291 4919 5145 4830 5280 4868 5213 5093 5059 4861 4823 4902 5232 5219 4876 4948 5003 5099 4947 4846 5100 4840 4887 4994 4940 5054 4824 4815 5277 4838 5139
5075 5291 4815 5100 5099 4947 5280 4824 4948 4838 4830 4846 5213 4823 4999 5219 5277 4840 4861 4887 4868 5054 5093 5059 5232 5139 5145 4940 4994 4919 4902 5003 4876
5076 4947 4861 4824 4868 5100 5145 5003 4830 5059 5213 4994 5280 5219 4838 4948 5099 5232 4999 5093 5277 4902 4823 4840 5291 4815 4940 4887 5139 4876 4919 5054 4846
5077 5232 4830 4840 4846 4824 4940 4994 4823 5213 5277 4876 5003 4868 4815 5100 5139 5059 5093 5145 4947 5099 4948 5280 4887 4838 5054 5219 4902 4861 5291 4919 4999
5078 5145 5139 4838 4876 4824 4868 5003 4947 5100 5093 4840 4815 4887 5054 5059 5291 4830 5232 4861 4994 5277 4940 4902 4948 4919 5219 5280 4846 4823 5099 5213 4999
5079 5003 5277 5100 4815 4830 4823 4861 4840 4876 5054 5213 4846 4948 5139 4902 5099 5093 4994 5219 4999 5291 4947 5059 5232 4940 4838 4887 5280 4919 4868 4824 5145
5080 5100 4999 4940 4919 5291 5277 5059 4838 4846 4830 4861 4840 4947 5099 5219 5280 5232 4887 4868 4823 5139 4994 5054 5213 4824 5093 4902 4948 5145 4815 5003 4876
5081 4830 5277 4948 5054 4846 5093 4876 4838 5219 5213 5003 4947 4840 5280 4887 4999 4824 5232 4994 4823 5291 4868 5139 5099 4815 4902 4919 4940 5100 4861 5145 5059
5082 4887 5277 4815 5054 5219 5291 5213 4947 5139 5280 5093 4940 5099 4876 5100 4830 4861 4948 4846 5232 4868 4823 5145 5059 4919 4824 4999 4994 5003 4902 4838 4840
5083 5099 4876 4830 4824 5059 5213 5003 4838 4947 4868 4846 4887 5291 5280 5093 4861 4823 4815 5139 5054 4994 4948 4919 4840 5277 4940 5100 4902 5232 5219 4999 5145
5084 5219 4876 4824 4823 5059 4999 5232 4919 4887 4830 5093 4840 4902 5213 5280 4846 4815 4868 5139 5291 5277 4948 5100 4994 5003 4861 4838 4947 5054 4940 5145 5099
5085 5100 5213 4815 4840 5219 4947 4948 5139 5277 5232 4861 5280 5145 4994 4824 5099 4830 4823 4902 4940 4838 4868 5093 4876 4846 5059 5054 5003 4887 4999 5291 4919
5086 4861 5003 4838 4824 5277 4999 4846 4994 5139 5280 5100 5232 4823 4876 4868 5213 5145 4940 4815 5054 4902 5099 4919 5291 5219 4948 4887 4840 5059 4947 5093 4830
5087 5232 4868 5093 5139 4948 4947 5277 4861 4999 5054 4887 5059 4838 4902 4876 4824 5100 5145 4919 4994 4840 4830 5280 5003 5219 4823 5099 4815 4846 5213 4940 5291
5088 4840 5059 4876 4947 5145 4830 4994 4948 4861 4919 5100 5099 4999 5277 5003 5139 5219 4940 4823 5232 5093 4824 5213 4846 5280 4902 4868 4815 5054 4887 5291 4838
5089 5291 5219 5100 5099 4947 5280 4846 4823 4887 4830 4876 4948 5054 5139 5277 5213 4902 4940 5093 4861 4994 4840 5059 5232 4919 4815 5003 5145 4838 4824 4999 4868
5090 5219 5213 5099 4815 5232 4840 5145 4824 5059 5054 4838 5291 4940 4947 4948 5277 5100 4846 4830 4994 4868 4999 5280 4887 5139 4902 4861 4876 4823 5003 4919 5093
5091 5213 4823 5099 4846 4868 5100 4940 5139 4830 5232 4919 5059 4861 5003 5145 4838 5280 5054 5277 4840 4947 5291 4824 4994 4876 4815 5093 4902 4948 5219 4999 4887
5092 4830 5277 4948 4823 4846 5093 4876 4838 5219 5213 5003 4947 4840 5059 4887 4999 4824 5232 4994 5280 5291 4868 5139 5099 4815 4902 4919 4940 5100 4861 5145 5054
5093 4830 5277 4948 5054 4846 5059 4876 4838 5219 5213 5003 4947 4840 5280 4887 4999 4824 5232 4994 4823 5291 4868 5139 5099 4815 4902 4919 4940 5100 4861 5145
5094 4902 5280 4830 5145 4823 4824 5100 5003 4846 4815 4948 5054 4919 4940 5059 5291 4838 5219 5139 4876 4999 4840 4868 5213 4947 4887 4861 5099 5232 5093 4994 5277
5095 5232 4846 4902 4861 5100 5291 5054 5145 5059 5213 5099 4838 4815 4840 5219 4876 4994 4824 5280 4948 4887 4999 4868 4919 4823 5003 4830 5139 5277 4947 4940 5093
5096 5291 4823 4830 5099 5059 4948 5277 4887 5145 4840 5280 5003 4902 4838 5213 4940 4868 4999 4846 5100 5219 5232 4947 5054 4876 4919 4824 5093 5139 4994 4815 4861
5097 5232 4830 4840 4846 4824 4940 4994 4823 5213 5277 4876 5003 4868 4815 5100 5139 5059 5093 5145 4947 5099 4948 5280 4887 4838 5054 5219 4902 4861 5291 4919 4999
5098 5291 4838 4999 5145 5099 5139 4824 4876 4994 5280 4846 5213 5232 4840 5059 4947 4830 4940 5277 4948 4919 4861 5003 4868 4902 5054 4823 4887 4815 5100 5219 5093
5099 4840 4919 5100 4940 4947 5277 4823 5213 4838 4830 5003 5219 4846 4999 4861 5093 4887 5139 4876 5145 4815 4824 5059 5232 5054 4902 4948 4868 4994 5291 5280
5100 4840 5232 4861 4940 4947 5277 4823 5213 4838 4830 5003 5219 4846 4994 4999 5093 4887 5139 5099 5145 4815 4824 5059 4876 5054 4902 4948 4868 4919 5291 5280
5101 5232 4830 4840 4846 4824 4940 4994 4823 5213 5277 4876 5003 4868 4815 5100 5139 5059 5093 5145 4947 5099 4948 5280 4887 4838 5054 5219 4902 4861 5291 4919 4999
5102 4902 4861 5093 5059 5277 5232 5291 4815 4999 4823 5054 5003 4830 4994 5139 4838 5100 4887 4824 5280 5219 5145 5213 4868 4948 4846 4876 4919 4840 5099 4947 4940
5103 5093 5213 4840 5054 4846 4861 4887 5139 4824 5059 4947 4940 5280 4815 4919 5003 4999 4838 5099 5145 5277 5219 4823 4902 4830 5232 4868 4994 5100 4948 5291 4876
5104 4824 5003 5093 5280 4940 4840 4999 4919 4838 4830 4994 4861 5219 5100 4815 5291 4948 5139 5054 5232 5213 5059 5099 5277 4947 4846 5145 4868 4876 4823 4887 4902
5105 5054 5291 5100 4840 5213 4999 4902 5277 4940 4815 4846 5219 4823 5145 4824 4830 5232 4838 5059 5139 4861 4948 4887 5099 5003 4947 5093 4994 4919 5280 4868 4876
5106 4830 5277 4948 5059 4846 5093 4876 4840 5219 5213 5003 5280 4887 4919 4902 4999 4823 5232 4994 5054 5291 4868 5139 5099 4815 4824 4947 4940 5100 4861 5145 4838
5107 5054 5093 4999 4947 4830 4824 4940 5280 4887 4838 5145 4902 5139 4868 5213 4919 5232 5291 5100 4840 5219 4876 4948 4815 5059 5003 4861 5099 4994 5277 4823 4846
5108 4824 4994 5100 5291 5280 4887 4815 4868 4823 4902 4999 5099 5093 4947 5054 4940 4846 5213 4919 4948 5219 4876 5059 5232 4830 5003 5139 4861 5145 5277 4838 4840
5109 4815 5054 4840 5219 5232 4947 4919 5139 4994 4846 4902 5145 5277 4838 5100 4999 5093 4861 4876 4830 4887 5059 4823 4940 5280 5003 4824 5213 4868 5291 4948 5099
5110 5139 5003 4948 4868 5213 4815 4994 4887 4902 4830 5054 4919 4999 5099 4940 4823 4838 4840 5219 5277 5291 5100 4876 5232 5145 4846 5093 4824 4861 5280 5059 4947
5111 4940 4815 5100 4846 4840 5139 5059 4948 5280 4824 4919 4868 4876 4838 5145 5099 5291 4861 4947 4830 4823 5003 4999 5054 5093 5219 4887 5213 5232 4902 5277 4994
5112 5093 4815 4876 5232 5213 5280 4838 4823 4824 5054 4940 4846 4902 5003 5059 5277 4887 4919 4948 4994 4868 4947 4840 5099 5145 4861 5100 5139 5291 4830 5219 4999
5113 4940 5232 4840 4947 5145 4994 5054 5213 5219 5003 4861 4919 4830 4815 4824 4823 4902 4838 5277 5099 5291 5139 4948 5059 5280 4887 4868 5093 4876 5100 4846 4999
5114 5145 4947 4999 5291 4824 4861 4846 4815 5054 4994 5003 4830 4838 5277 5219 5213 4876 5139 4919 5232 5280 5093 5099 4840 4948 5100 4887 4823 4868 5059 4940 4902
5115 4838 5100 4948 5277 5003 5093 4868 4902 5219 4861 4994 5232 4824 4887 4823 5280 5054 5291 5099 4830 4840 4940 5139 4999 4815 4846 4947 5145 5213 5059 4919 4876
5116 5100 4824 5099 5213 5219 5059 4815 4994 4830 4940 4838 5145 4947 5277 5232 5280 5093 4948 4887 5139 5003 4846 5291 4919 4840 4999 4868 5054 4823 4902 4876 4861
5117 4815 4823 5139 4824 4830 5003 4868 4876 5099 5093 5277 4840 5054 4846 5232 4861 5219 4887 4948 4902 4999 5291 5213 4838 4994 5059 5100 4947 4919 5280 5145 4940
5118 5232 4830 4840 4846 4824 4940 4994 4823 5213 5277 4876 5003 4868 4815 5100 5139 5059 5093 5145 4947 5099 4948 5280 4887 4838 5054 5219 4902 4861 5291 4919 4999
5119 5277 5219 5232 5213 4840 4830 5291 5059 5003 4948 4815 4838 4876 4887 4861 4868 4940 4919 4994 5139 5093 5100 5099 5054 4823 4999 4902 4824 5145 4846 5280 4947
5120 4830 5277 4948 5054 4846 5093 4876 4838 5219 5213 5003 4947 4840 5280 4887 4999 4824 5232 4994 4823 5291 4868 5139 5099 4815 4902 4919 4940 5100 4861 5145 5059
5121 5059 5100 4846 5145 4947 4815 4823 4999 5139 4830 4887 4994 5099 4902 5213 5093 4940 4948 4868 5280 4824 5054 5232 4838 5219 4861 5277 4919 4840 4876 5291 5003
5122 4876 5059 4824 5054 4902 5291 4940 4947 4994 4999 4823 4948 5213 4846 4919 4838 5219 4830 4840 4861 5232 4868 5145 5093 4887 5280 5003 5100 5099 5139 4815 5277
5123 4999 5099 5059 5277 4902 4994 4868 4824 4919 5054 4876 5213 4840 5291 5003 4823 4846 4887 4947 5145 5139 4861 5100 4948 5232 4830 4838 4940 4815 5093 5280 5219
5124 5219 5054 4840 5280 5277 4948 4887 5213 4994 4940 4902 5232 4823 4838 5100 5145 5093 4815 4876 4830 4846 5059 4824 4861 5099 5003 4919 4999 4868 5291 4947 5139
5125 4902 5280 4830 5054 5003 4846 5100 4838 5291 4824 4868 5139 5059 4999 5277 4919 5093 5219 5099 4840 4940 4823 4861 5145 5213 4887 4947 4948 5232 4815 4994 4876
5126 5232 4830 4840 4846 4824 4940 4994 4823 5213 5277 4876 5003 4868 4815 5100 5139 5059 5093 5145 4947 5099 4948 5280 4887 4838 5054 5219 4902 4861 5291 4919 4999
5127 5099 5280 5139 5003 4876 4940 4887 4846 4824 4999 4902 4948 5093 4823 4840 5145 4838 4815 5277 5054 4861 4947 4830 4868 5219 5232 5059 5213 4919 5100 4994 5291
5128 4830 5277 4948 5054 4846 5093 4876 4838 5219 5213 5003 4947 4840 5280 4887 4999 4824 5232 4994 4823 5291 4868 5139 5099 4815 4902 4919 4940 5100 4861 5145 5059
5129 4902 5280 4830 5054 5003 4846 5100 4838 5291 4824 4868 5139 5059 4999 5277 4919 5093 5219 5099 4840 4940 4823 4861 5145 5213 4887 4947 4948 5232 4815 4994 4876
5130 5291 4919 5100 4940 4947 5280 4823 5213 4838 4830 5003 5219 4846 4999 4861 5093 4887 5139 4876 5145 4815 5099 5059 5232 5054 4824 4948 4868 4994 4902 5277 4840
5131 4902 5280 4830 5054 5003 4846 5100 4838 5291 4824 4868 5139 5059 4999 5277 4919 5093 5219 5099 4840 4940 4823 4861 5145 5213 4887 4947 4948 5232 4815 4994 4876
5132 5059 5291 5003 4999 4815 4940 4902 5054 4948 4876 4823 4868 4824 5093 4840 4830 5232 4838 4846 5145 4861 5213 4887 5099 5219 4947 5100 4994 4919 5280 5139 5277
5133 5232 4830 4840 4846 4824 4940 4994 4823 5213 5277 4876 5003 4868 4815 5100 5139 5059 5093 5145 4947 5099 4948 5280 4887 4838 5054 5219 4902 4861 5291 4919 4999
5134 4887 4919 4824 4846 5093 5213 4994 4830 5219 5059 4947 4902 5280 5232 4823 4840 5145 4861 5291 5100 4838 4999 4940 4876 4815 5003 5099 5139 4868 4948 5277 5054
5135 4947 4830 4846 4999 5099 5139 5093 5100 5059 5054 4994 5280 4840 5003 4868 5145 4838 4948 5213 5277 4876 5232 4815 4823 4861 5291 4887 4902 4919 4940 5219 4824
5136 4902 5232 4948 5093 5100 5145 5219 4861 5054 5291 4999 4919 5213 5059 4830 4947 4823 4838 4815 4887 5003 5139 4994 5280 4846 4840 4940 4868 5099 4876 4824 5277
5137 5099 4846 4840 4830 4823 5213 5280 4919 5100 4947 5059 4994 4887 5054 4838 4868 5093 5291 4948 4815 4876 4861 4902 5139 5232 4940 4824 5003 5277 5219 4999 5145
5138 4999 4948 4824 4830 5277 4994 4838 5291 4887 4823 5003 5280 4919 4815 5100 4876 5093 4902 4940 4846 4947 5219 5054 4861 5232 5099 4840 5059 5139 5145 4868 5213
5139 5059 5099 4887 5054 4846 5145 5291 4838 5219 5213 4948 4947 4840 5100 5280 4999 4824 5232 4868 4823 4940 4902 4919 4994 4815 4861 4876 5003 5277 4830 5093
5140 4947 4876 4838 4994 4824 5093 5213 4999 5145 5280 5100 4823 4919 5139 4868 5219 5277 5232 5003 5054 4902 5291 4887 5059 4948 4815 4846 4840 4940 5099 4830 4861
5141 4902 5280 4830 5054 5003 4846 5100 4838 5291 4824 4868 5139 5059 4999 5277 4919 5093 5219 5099 4840 4940 4823 4861 5145 5213 4887 4947 4948 5232 4815 4994 4876
5142 4830 5277 4948 5054 4846 5093 4876 4838 5219 5213 5003 4947 4840 5280 4887 4999 4824 5232 4994 4823 5291 4868 5139 5099 4815 4902 4919 4940 5100 4861 5145 5059
5143 4830 5277 4948 5054 4846 5093 4876 4838 5219 5213 5003 4947 4840 5280 4887 4999 4824 5232 4994 4823 5291 4868 5139 5099 4815 4902 4919 4940 5100 4861 5145 5059
5144 4830 5003 4948 4823 4846 5093 4994 4838 5219 5145 5100 4947 4840 5054 4887 5099 4824 5232 5213 5280 5291 4999 5139 4861 4815 4902 4919 4876 4868 5059 4940 5277
5145 4994 5277 4823 4824 5059 4940 4902 4838 4948 5219 5054 4830 4887 5280 4919 4815 5093 4876 5232 5003 5139 5100 4861 4947 4846 5099 5213 4840 4868 5291 4999
5146 5232 4830 4840 4846 4824 4940 4994 4823 5213 5277 4876 5003 4868 4815 5100 5139 5059 5093 5145 4947 5099 4948 5280 4887 4838 5054 5219 4902 4861 5291 4919 4999
5147 5099 5280 5139 5003 4876 4940 4887 4846 4824 4999 4902 4948 5093 4823 4840 5145 4838 4815 5277 5054 4861 4947 4830 4868 5219 5232 5059 5213 4919 5100 4994 5291
5148 4999 5059 4824 4823 4947 5100 5291 4868 4838 5280 4840 5139 5219 4830 4919 5213 4846 4902 5099 4876 4940 4887 4948 5093 4994 5145 5003 4815 5232 5277 4861 5054
5149 4830 5277 4948 5054 4846 5093 4876 4838 5219 5213 5003 4947 4840 5280 4887 4999 4824 5232 4994 4823 5291 4868 5139 5099 4815 4902 4919 4940 5100 4861 5145 5059
5150 4999 5059 4948 5003 4994 5093 4868 5054 5219 4902 4876 5100 4861 4830 4947 5280 5291 5213 5099 5232 5145 4840 5139 4887 4815 4940 5277 4919 4838 4824 4846 4823
5151 4830 5277 4948 5054 4846 5093 4876 4838 5219 5213 5003 4947 4840 5280 4887 4999 4824 5232 4994 4823 5291 4868 5139 5099 4815 4902 4919 4940 5100 4861 5145 5059
5152 4887 5054 5100 4830 5099 5291 4868 5139 4948 4919 4815 5219 5145 5003 4876 4947 4940 4861 4846 5232 4994 4823 4999 5059 5280 4824 5213 5093 5277 4902 4838 4840
5153 4947 5054 5219 5100 5093 4948 4830 5139 5003 5291 5099 4824 4838 4940 4902 4876 4846 5145 4919 4994 5059 5280 4861 4823 5213 4999 4868 4887 4840 5277 4815 5232
5154 4846 5291 4948 5099 5219 5213 4902 5059 4999 5277 4824 5100 4840 4876 4838 4830 5280 5232 4823 4815 5139 4940 4887 5093 4868 4919 5003 4994 4861 4947 5145 5054
5155 4824 4887 4919 5139 4940 5277 5099 5213 4868 5280 4838 4846 4861 5100 4815 4823 5003 5059 4948 4830 4902 4840 5093 5145 4947 5054 4876 5291 5232 4994 5219 4999
5156 4815 5280 4994 4919 4947 4948 4902 5054 5277 4846 4823 4940 4824 4830 4887 4876 4868 5291 4999 5145 4840 5232 5219 4838 5093 4861 5213 5059 5100 5003 5139 5099
5157 4876 5213 4919 5054 4823 5145 5277 4838 4999 4830 4840 5280 5003 5100 4815 4824 4846 4940 5099 4887 4994 5219 4868 4902 5093 5232 5139 4947 5059 4948 4861 5291
5158 5054 4948 4868 5219 5291 5093 4861 4947 4840 4999 4823 5139 5100 5213 4815 5280 4919 4902 4846 5003 4887 4838 4940 4830 5145 4824 4876 5277 5099 4994 5059 5232
5159 4876 5280 5100 4823 4830 4846 4861 5003 4815 5277 4947 4919 4948 5145 5139 5054 4994 5099 4840 4868 4999 4940 5059 5232 5093 4887 4838 4902 4824 5213 5219 5291
5160 4876 5232 5139 5099 5100 4887 4919 5280 4846 4823 5277 4815 5219 4940 4902 5059 4948 4994 5145 4838 4999 4868 4947 5054 4861 5291 4840 5213 4824 5093 5003 4830
5161 4994 4861 5093 5280 4919 4846 4940 5139 4823 4876 5291 5059 4947 4815 4824 4868 4838 5213 5145 5277 5099 4948 4830 4887 5003 5219 4840 4902 5232 5054 4999 5100
5162 4902 5280 4830 5054 5003 4846 5100 4838 5291 4824 4868 5139 5059 4999 5277 4919 5093 5219 5099 4840 4940 4823 4861 5145 5213 4887 4947 4948 5232 4815 4994 4876
5163 4902 5280 4830 5054 5003 4846 5100 4838 5291 4824 4868 5139 5059 4999 5277 4919 5093 5219 5099 4840 4940 4823 4861 5145 5213 4887 4947 4948 5232 4815 4994 4876
5164 5291 4940 5100 4861 4919 4947 4902 4868 4838 5280 4823 4876 4824 4999 4815 5054 4840 4994 5139 5003 4846 5145 5059 5232 5213 5099 5093 5277 4830 4887 5219 4948
5165 4887 5291 5054 4940 4830 4815 4838 5093 5277 4868 5219 4948 4840 4824 5100 5059 5139 4902 4947 4876 4994 4861 5145 4846 5003 5232 5280 4919 5213 5099 4823 4999
5166 5219 4861 4840 5213 5099 4948 4919 5093 5280 4868 4902 4940 5232 4838 5100 4999 4824 4994 5059 5145 4887 5003 5277 4876 4830 5291 4823 4846 5054 4815 4947 5139
5167 4876 4919 5100 5139 5291 4846 4861 5003 4815 5277 4823 5213 4948 5145 4824 5219 4868 5093 4887 5099 5280 4902 5059 5232 4994 4840 4838 5054 4947 4999 4940 4830
5168 4838 4846 5003 5139 4999 5232 5093 4861 4940 5280 4876 5145 5213 5054 5277 4948 5099 5219 4824 4919 4815 4902 4868 4823 4947 4887 4994 5100 5059 4840 4830 5291
5169 5277 4824 4868 5093 4940 5219 5100 4823 5213 4830 5003 4840 4815 4887 4861 5054 5291 4994 4902 4876 4846 5059 4919 4947 5280 5099 5145 5232 5139 4838 4999 4948
5170 5291 5003 4948 5277 5054 5093 4868 4840 5219 5099 5100 5280 4887 5232 4902 4940 4823 4830 4999 4846 4838 5145 5139 4919 4815 4824 4947 4994 5213 4876 4861 5059
5171 5054 5291 5145 4815 4838 5059 4902 5003 4861 4876 4823 4948 4824 4940 4840 4830 5280 5232 4846 4868 4999 5093 4887 5277 5139 4919 5213 4994 5099 4947 5219 5100
5172 5219 4994 4887 4919 4830 4947 5232 5277 4876 5139 4824 4815 5054 4902 5100 5093 4940 5099 4999 5280 5213 4840 4948 4823 5059 5003 4838 4868 4861 5291 5145 4846
5173 5213 4868 5100 4940 4846 4815 5277 5003 4999 4994 4840 5093 5099 5139 4902 5219 4861 4948 5280 5291 5054 4824 5059 5232 4830 4838 4887 4823 4919 4947 4876 5145
5174 5232 4830 4840 4846 4824 4940 4994 4823 5213 5277 4876 5003 4868 4815 5100 5139 5059 5093 5145 4947 5099 4948 5280 4887 4838 5054 5219 4902 4861 5291 4919 4999
5175 4902 5280 4830 5054 5003 4846 5100 4838 5291 4824 4868 5139 5059 4999 5277 4919 5093 5219 5099 4840 4940 4823 4861 5145 5213 4887 4947 4948 5232 4815 4994 4876
5176 5099 5093 4824 4919 4902 5213 5054 4994 4876 4823 5100 4846 5003 5059 5280 4887 5291 4840 4948 4868 4947 4861 4838 5139 4815 4940 5232 4830 5277 5219 4999 5145
5177 4846 5291 5093 4940 4861 5145 4902 5059 5099 5277 4824 4815 4840 5100 4838 4830 5280 5232 4823 4868 4876 5139 4887 5213 4999 4919 5003 4994 4948 4947 5219 5054
5178 4948 4940 4815 4838 5213 5277 4947 4861 5059 5219 5093 4876 5291 4999 5054 5145 4846 5280 5139 4902 4887 4994 5003 5232 4823 5100 4868 4919 4824 4840 4830 5099
5179 4838 4840 4887 4940 4947 4902 5280 5277 5003 4824 5213 5099 4999 5100 5054 4846 5232 5145 4868 5139 4861 5219 4994 4919 4815 5059 4830 4823 4948 4876 5291 5093
5180 4840 5054 5100 4947 5099 4830 4868 5139 4948 4919 4815 5219 5145 5003 4876 5232 4940 4861 4846 4902 4994 4823 4999 5059 5280 4824 5213 5093 5277 4887 5291 4838
5181 4824 4948 4840 5145 5280 5100 4876 4994 4947 5054 5003 4887 5139 4823 5099 5093 5232 5219 4868 4846 4999 4830 4815 4861 5059 4902 5213 4919 4940 4838 5291 5277
5182 5093 4815 4876 5232 5213 5280 4838 4823 4824 5054 4940 4846 4902 5003 5059 5277 4887 4919 4948 4994 4868 4947 4840 5099 5145 4861 5100 5139 5291 4830 5219 4999
5183 4846 5219 4824 4940 4838 5232 4902 4947 4823 5059 5291 4840 5280 4994 5139 4876 5277 4887 5054 4861 5003 4830 5213 5093 4919 5100 4999 5145 4948 5099 4815 4868
5184 4830 5277 4948 5054 4846 5093 4876 4838 5219 5213 5003 4947 4840 5280 4887 4999 4824 5232 4994 4823 5291 4868 5139 5099 4815 4902 4919 4940 5100 4861 5145 5059
5185 4887 5054 5100 5232 5099 5291 4868 5139 4948 4830 4815 5219 5145 5003 4876 5280 4940 4861 4846 4947 4994 4823 4999 5059 4919 4824 5213 5093 5277 4902 4838 4840
5186 4948 4868 5291 4919 4824 5219 5054 5003 4947 5059 4887 5280 4999 5232 4876 4830 5099 5277 5145 4994 4823 5100 4902 4846 5093 5213 4840 4815 4838 5139 4940 4861
5187 4861 5003 5139 4994 4887 4999 4840 5232 5277 5280 4868 4919 4846 4876 4940 5145 4824 4823 4815 5054 5100 5099 5213 5291 5219 4948 4902 4838 5059 4947 5093 4830
5188 4846 4999 4876 4940 5054 4947 4815 5003 5093 5059 4887 4830 5099 5145 4902 5219 4861 5213 5100 4994 4948 4840 5232 4838 5277 5291 5280 4824 4823 4868 4919 5139
5189 5093 5213 4840 5054 4846 4861 4887 5139 4824 5059 4947 4940 5280 4815 4919 5003 4999 4838 5099 5145 5277 5219 4823 4902 4830 5232 4868 4994 5100 4948 5291 4876
5190 4846 4876 5100 4948 4830 4902 4999 4868 5277 4823 4861 4919 5145 4838 5139 5054 4815 5280 4940 5213 5219 4824 5059 5232 4947 5099 4994 5003 5291 5093 4840 4887
5191 5054 5232 5277 4876 5059 4999 4830 5280 4861 5099 4902 4838 5003 4824 5093 4947 5213 4823 4887 4868 4840 5145 4919 4948 4846 5139 4994 5219 4815 4940 5100 5291
5192 4846 5291 4948 5099 5219 5213 4902 5059 4999 5277 4824 5100 4840 4876 4838 4830 5280 5232 4823 4815 5139 4940 4887 5093 4868 4919 5003 4994 4861 4947 5145 5054
5193 5219 4919 5099 4940 5139 4861 5059 5145 4846 4999 4902 4838 4876 5054 4840 5003 4815 4824 5277 5280 4887 4947 4994 5213 5093 5232 4830 4948 4823 5100 4868 5291
5194 4840 5059 5100 4947 5219 4830 5213 5280 5139 4815 5093 4940 5099 5277 4876 5003 4861 4948 4823 5232 4868 4824 5145 4846 4919 4902 4999 4994 5054 4887 5291 4838
5195 4902 5277 5054 5099 4994 4830 5213 4876 5145 5280 4815 4887 4919 4868 5100 4947 4999 4840 5232 5291 4824 4940 4823 4846 5093 4861 5059 5003 5219 4948 5139 4838
5196 5100 5213 4815 4840 5219 4947 4948 5139 5277 5232 4861 5280 5145 4994 4824 5099 4830 4823 4902 4940 4838 4868 5093 4876 4846 5059 5054 5003 4887 4999 5291 4919
5197 5093 4824 5277 4861 4815 5003 4840 5059 5280 4887 5213 4948 5100 4902 5139 5099 4994 4846 5054 4823 4919 5145 5219 5232 4838 4868 4947 4999 4940 5291 4830 4876
5198 5100 4824 5093 4823 4876 5219 4868 5145 4948 4902 4919 4846 5213 5054 4815 4838 5280 5059 4861 5099 4947 4830 5291 4940 5232 5277 5003 4887 4999 4994 5139 4840
5199 4830 5277 4948 5054 4846 5093 4876 4838 5219 5213 5003 4947 4840 5280 4887 4999 4824 5232 4994 4823 5291 4868 5139 5099 4815 4902 4919 4940 5100 4861 5145 5059
5200 4846 4999 4876 4940 5054 4947 4815 5003 5093 5059 4887 4830 5099 5145 4902 5219 4861 5213 5100 4994 4948 4840 5232 4838 5277 5291 5280 4824 4823 4868 4919 5139
5201 5145 5139 4838 4876 4824 4868 5003 4947 5100 5093 4840 4815 4887 5054 5059 5291 4830 5232 4861 4994 5277 4940 4902 4948 4919 5219 5280 4846 4823 5099 5213 4999
5202 4887 5291 5054 4940 4830 4815 4838 5093 5277 4868 5219 4948 4840 4824 5100 5059 5139 4902 4947 4876 4994 4861 5145 4846 5003 5232 5280 4919 5213 5099 4823 4999
5203 4830 5277 4948 5054 4846 5093 4876 4838 5219 5213 5003 4947 4840 5280 4887 4999 4824 5232 4994 4823 5291 4868 5139 5099 4815 4902 4919 4940 5100 4861 5145 5059
5204 4846 5139 4994 5280 4876 5213 5093 4868 4830 4940 5100 4861 5145 5054 5291 4840 5219 4815 4902 5003 4838 4948 5059 4999 4947 4824 4823 5099 4887 5277 5232 4919
5205 5100 4824 5099 5213 5219 5059 4815 4994 4830 4940 4838 5145 4947 5277 5232 5280 5093 4948 4887 5139 5003 4846 5291 4919 4840 4999 4868 5054 4823 4902 4876 4861
5206 5099 4823 4840 4830 4824 5213 5280 4919 4876 4947 4846 4994 4815 5059 4838 4868 5093 5291 4948 5100 5003 4861 4887 5139 5232 4940 4902 5277 5054 5219 4999 5145
5207 5291 5003 4948 5277 5054 5093 4994 4840 5219 5145 4876 5280 4887 5232 4902 5099 4823 4830 5213 4846 4838 4999 5139 4861 4815 4824 4947 4919 4868 5100 4940 5059
5208 4840 5277 4947 4830 5099 4861 5093 5145 5280 5003 5291 4948 4815 5219 5054 4999 5059 5213 4824 4868 5139 4919 4994 4823 4940 4846 4876 4887 5232 4902 4838 5100
5209 4840 5054 5100 4947 5099 4830 4868 5139 4948 4919 4815 5219 5145 5003 4876 5232 4940 4861 4846 4902 4994 4823 4999 5059 5280 4824 5213 5093 5277 4887 5291 4838
5210 5139 4840 5232 4947 4868 5291 5219 4823 5054 4861 5145 4846 5003 4815 5280 5277 4919 4838 4902 4887 4830 4999 5093 4876 5099 4994 5213 5059 4940 4824 4948 5100
5211 5219 4861 4815 5232 4823 4948 4846 4940 5280 5145 4887 5003 4824 4868 4840 5213 4830 5099 5054 4838 4999 5100 4919 4876 4994 5291 4902 5059 5277 5093 4947 5139
5212 4830 5277 4948 5054 4846 5093 4876 4838 5219 5213 5003 4947 4840 5280 4887 4999 4824 5232 4994 4823 5291 4868 5139 5099 4815 4902 4919 4940 5100 4861 5145 5059
5213 4876 5145 5277 4919 5059 4994 4940 5291 5219 4824 4830 5003 4861 5232 4999 4838 5139 5093 4823 4840 4948 4887 4947 5099 5054 4815 5100 4868 5280 4902 4846
5214 4947 5100 5213 4830 5139 5277 4902 5003 5093 4840 4815 4824 4887 4838 5280 5219 4823 4948 4994 4876 5145 4940 5059 4999 5054 4846 4861 4919 5099 5291 5232 4868
5215 4824 5003 5093 4830 4940 4840 4999 4947 5291 5232 4994 4861 5219 5100 4815 4838 4948 5139 5054 4919 5213 5059 5099 5277 5280 4846 5145 4868 4876 4823 4887 4902
5216 4947 4861 4824 4815 5280 5145 4887 5099 4830 5213 4994 5232 5100 4838 4948 4868 4999 5059 5093 5139 5003 4823 5219 5291 5277 4940 4840 4902 4876 4919 5054 4846
5217 5145 5093 5054 5232 5003 4868 4840 5100 4902 4823 5059 4830 4919 5291 4876 5139 4994 4824 4861 4947 4838 4940 5277 4948 4887 5219 4846 5280 4815 5099 5213 4999
5218 4830 5277 4948 5054 4846 5093 4876 4838 5219 5213 5003 4947 4840 5280 4887 4999 4824 5232 4994 4823 5291 4868 5139 5099 4815 4902 4919 4940 5100 4861 5145 5059
5219 4868 5232 4876 4838 5003 4823 4824 5059 4887 4919 4948 4999 5139 5291 5277 4947 4840 5213 5054 4861 4994 5100 4830 5145 4815 5280 4940 4846 5099 4902 5093
5220 5139 4838 5003 5054 4887 5277 4840 5059 4947 4824 4940 5232 4919 4999 4815 5145 4861 5291 4902 4823 4994 4846 4876 4868 5280 5099 5093 5213 4948 5100 5219 4830
5221 4824 5219 5100 4948 4838 4840 5093 4830 4823 4902 5213 5139 4994 4846 4919 5145 5054 4868 4887 4861 4999 4876 5059 5232 4815 5291 5277 4940 5280 5003 4947 5099
5222 4994 5219 5139 4902 5059 5100 4830 5280 4838 4919 4824 4947 4887 4861 4948 4823 4840 5277 5145 4876 5291 4999 4846 5099 5232 5213 5054 5003 4940 4868 4815 5093
5223 4919 5093 4994 5100 5232 5277 4887 5219 5139 4830 5003 4838 4868 4999 4823 5145 4861 5054 5291 4948 4815 5099 5213 4876 4940 4846 4824 4902 4840 4947 5059 5280
5224 5145 4840 4947 4948 4823 5054 5003 4999 4940 4824 4846 4861 5213 4902 5219 4830 5099 5291 4815 5280 5100 4838 5093 5232 4868 4876 5059 4994 5277 4887 4919 5139
5225 4887 4919 4824 4846 5093 5213 4994 4830 5219 5059 4947 4902 5280 5232 4823 4840 5145 4861 5291 5100 4838 4999 4940 4876 4815 5003 5099 5139 4868 4948 5277 5054
5226 4840 5059 4876 4919 5145 4830 4994 4948 4861 4947 5100 5099 4999 5277 5003 5139 5219 4940 4823 5232 5093 4824 5213 4846 5280 4902 4868 4815 5054 4887 5291 4838
5227 4838 4815 4846 4947 5003 5099 5093 5219 4823 4824 4902 5100 5054 4999 4994 5277 4861 4830 4876 4919 4887 5291 5280 4868 4940 5213 4948 5059 5139 5145 4840 5232
5228 4947 5054 5219 5100 5093 4948 4830 5139 5003 5291 5099 4824 4838 4940 4902 4876 4846 5145 4919 4994 5059 5280 4861 4823 5213 4999 4868 4887 4840 5277 4815 5232
5229 4947 5100 5213 4830 5139 5277 4902 5003 5093 4840 4815 4824 4887 4838 5280 5219 4823 4948 4994 4876 5145 4940 5059 4999 5054 4846 4861 4919 5099 5291 5232 4868
5230 4947 5100 5213 4830 5139 5277 4902 5003 5093 4840 4815 4824 4887 4838 5280 5219 4823 4948 4994 4876 5145 4940 5059 4999 5054 4846 4861 4919 5099 5291 5232 4868
5231 5219 4830 5100 5277 4876 4868 5003 5291 4940 4999 4823 4902 4947 5280 5099 4824 4861 4846 5093 5054 4948 4840 5059 5232 4838 4919 4887 4994 5145 5139 4815 5213
5232 4840 4994 5100 5291 5280 4838 4815 4868 4823 4902 4999 5099 5093 4947 5054 4940 4846 5213 4876 4948 5219 5003 5059 4919 4830 5277 5139 4861 5145 4824 4887
5233 5099 5280 5139 5003 4876 4940 4887 4846 4824 4999 4902 4948 5093 4823 4840 5145 4838 4815 5277 5054 4861 4947 4830 4868 5219 5232 5059 5213 4919 5100 4994 5291
5234 5145 4840 5003 5219 4846 4861 4919 4994 4838 5093 4999 4824 4823 4887 4948 5099 4947 5139 5277 5280 4876 5213 5232 5100 4940 4815 4868 5291 5054 4902 4830 5059
5235 5277 5139 5003 5099 4902 4999 5145 4861 4919 4947 5054 5232 4824 4948 5280 5213 4846 5219 4887 4868 4940 4876 4823 4815 5059 4830 5291 4840 5100 5093 4994 4838
5236 4887 5277 4815 5054 5219 5291 5213 4830 5139 4947 5093 4940 5099 4876 5100 5280 4861 4948 4846 5232 4868 4823 5145 5059 4919 4824 4999 4994 5003 4902 4838 4840
5237 4840 5059 5100 4947 5219 4830 5213 5280 5139 4815 5093 4940 5099 5277 4876 5003 4861 4948 4823 5232 4868 4824 5145 4846 4919 4902 4999 4994 5054 4887 5291 4838
5238 5291 5213 5054 4846 4830 5099 4999 5093 4838 4940 4840 4994 5059 4919 4823 4824 5100 5139 4947 5003 4902 5232 4887 5277 5145 4815 4948 4876 5280 5219 4861 4868
5239 4940 5093 4823 4948 4840 4824 5139 5099 5232 4994 5059 4846 4947 4838 4868 5003 5100 5219 4830 4815 4876 5054 4919 5213 5280 4887 5277 5145 4999 4861 5291 4902
5240 5059 5291 4840 4940 4861 5145 4902 5054 5099 5003 4823 5093 4824 4815 4838 4830 5280 5232 4846 4868 5100 4948 4887 5213 4999 4919 4876 4994 5139 4947 5219 5277
5241 5291 4823 4830 5099 5059 4948 5277 4887 5145 4840 5280 5003 4902 4838 5213 4940 4868 4999 4846 5100 5219 5232 4947 5054 4876 4919 4824 5093 5139 4994 4815 4861
5242 5219 4830 5100 5277 4876 4868 5003 5291 4940 4999 4823 4902 4947 5280 5099 4824 4861 4846 5093 5054 4948 4840 5059 5232 4838 4919 4887 4994 5145 5139 4815 5213
5243 4830 4861 5100 4948 4919 4947 4887 5213 5291 5280 4824 5003 4902 5145 5093 4846 4838 4868 4876 5277 4823 5099 5059 5232 4999 5219 4994 5054 4815 4840 4940 5139
5244 4902 5280 4830 5054 5003 4846 5100 4838 5291 4824 4868 5139 5059 4999 5277 4919 5093 5219 5099 4840 4940 4823 4861 5145 5213 4887 4947 4948 5232 4815 4994 4876
5245 5145 5139 4838 4876 4824 4868 5003 4947 5100 5093 4840 4815 4887 5054 5059 5291 4830 5232 4861 4994 5277 4940 4902 4948 4919 5219 5280 4846 4823 5099 5213 4999
5246 4838 4999 5100 5277 4947 4830 4824 4940 4840 5291 4846 4868 4823 4948 5145 5003 4887 5219 4815 4994 5054 5139 5059 5232 4861 5280 5099 5093 4919 4902 5213 4876
5247 5139 4840 5232 4947 4868 5291 5219 4823 5054 4861 5145 4846 5003 4815 5280 5277 4919 4838 4902 4887 4830 4999 5093 4876 5099 4994 5213 5059 4940 4824 4948 5100
5248 4846 4999 4876 4940 5054 4947 4815 5003 5093 5059 4887 4830 5099 5145 4902 5219 4861 5213 5100 4994 4948 4840 5232 4838 5277 5291 5280 4824 4823 4868 4919 5139
5249 5059 4830 4868 4840 4940 5139 5232 5219 4948 5100 4947 4887 4861 4994 4823 5280 5099 4919 5277 5093 4902 5291 5003 5054 4838 5145 4815 4824 5213 4999 4876 4846
5250 4902 5232 4948 5093 5100 5145 5219 4861 5054 5291 4999 4919 5213 5059 4830 4947 4823 4838 4815 4887 5003 5139 4994 5280 4846 4840 4940 4868 5099 4876 4824 5277
5251 5291 4994 4887 4824 4830 4838 5280 4948 4919 4823 5059 5003 4815 4902 5213 4876 4940 4868 5139 4947 5219 4846 5232 5054 5093 5145 4840 5099 4999 5100 5277 4861
5252 4861 4887 5100 5219 5054 4919 4947 4999 4840 5093 4940 4823 4846 4902 4948 4876 5280 5139 5003 5232 4815 5099 4830 4994 4868 5213 5145 4838 5277 4824 5291 5059
5253 4947 5059 5100 5280 4823 5093 4846 5213 4861 5099 4840 5277 4824 4868 4838 5145 5232 5219 5291 4948 4999 4815 4919 5003 4994 4940 4887 4902 4876 5054 4830 5139
5254 5291 4868 4902 5139 5145 4948 4824 5093 5280 4999 5213 4994 5232 5100 4840 4947 4861 5219 4940 4830 4919 4876 5277 5054 4887 5059 4823 4846 4838 5003 5099 4815
5255 5277 5139 5003 5099 4902 4999 5145 4861 4919 4947 5054 5232 4824 4948 5280 5213 4846 5219 4887 4868 4940 4876 4823 4815 5059 4830 5291 4840 5100 5093 4994 4838
5256 5145 5139 4838 4876 4824 4868 5003 4947 5100 5093 4840 4815 4887 5054 5059 5291 4830 5232 4861 4994 5277 4940 4902 4948 4919 5219 5280 4846 4823 5099 5213 4999
5257 4902 5280 4830 5054 5003 4846 5100 4838 5291 4824 4868 5139 5059 4999 5277 4919 5093 5219 5099 4840 4940 4823 4861 5145 5213 4887 4947 4948 5232 4815 4994 4876
5258 4838 5100 4948 5145 5003 5093 4868 4902 5219 4861 4994 5280 4824 4887 4823 5059 5054 5291 5099 4999 4840 4940 5139 5277 4815 4846 4947 5232 5213 4919 4876 4830
5259 4830 5003 4948 5280 4846 5093 5100 4838 5219 5145 4876 4947 4840 4868 4887 5099 4824 5232 5213 5277 5291 4999 5139 4861 4815 4902 4919 5059 4994 5054 4940 4823
5260 4887 5054 5100 5232 5099 5291 4868 5139 4948 4830 4815 5219 5145 5003 4876 5280 4940 4861 4846 4947 4994 4823 4999 5059 4919 4824 5213 5093 5277 4902 4838 4840
5261 4840 5059 5100 4947 5219 4830 5213 5280 5139 4815 5093 4940 5099 5277 4876 5003 4861 4948 4823 5232 4868 4824 5145 4846 4919 4902 4999 4994 5054 4887 5291 4838
5262 5232 4830 4840 4846 4824 4940 4994 4823 5213 5277 4876 5003 4868 4815 5100 5139 5059 5093 5145 4947 5099 4948 5280 4887 4838 5054 5219 4902 4861 5291 4919 4999
5263 4948 4838 5093 5277 5232 4846 4840 5213 4940 5219 4902 5099 5280 4824 4994 4815 5059 4830 5139 4999 4887 5291 5100 4876 5054 4868 4861 5003 5145 4823 4947 4919
5264 4876 4846 4861 4838 4940 4830 4840 5003 4824 5139 5291 5219 5099 5145 4887 5059 5093 4947 4994 4823 5100 5232 4902 5054 5213 4999 5277 4815 4948 4919 5280 4868
5265 5093 5213 5059 4861 5232 4947 4919 5280 5099 4830 4999 5219 5003 4840 4887 5145 4994 4815 4876 5139 4902 5054 4823 4948 4838 5100 4824 4846 4868 5291 5277 4940
5266 5291 4948 5054 4815 4830 4999 4868 5099 4846 5003 5232 5093 5219 4940 4994 4919 5213 4823 4947 5277 4876 4887 5100 5139 4838 4824 5280 4902 4840 5145 4861 5059
5267 4902 4861 5093 5059 5277 5232 5291 4815 4999 4823 5054 5003 4830 4994 5139 4838 5100 4887 4824 5280 5219 5145 5213 4868 4948 4846 4876 4919 4840 5099 4947 4940
5268 5291 4815 5100 5099 4947 5280 4824 4948 4838 4830 4846 5213 4823 4999 5219 5277 4840 4861 4887 4868 5054 5093 5059 5232 5139 5145 4940 4994 4919 4902 5003 4876
5269 4846 5219 4824 4940 4838 5232 4902 4947 4823 5059 5291 4840 5280 4994 5139 4876 5277 4887 5054 4861 5003 4830 5213 5093 4919 5100 4999 5145 4948 5099 4815 4868
5270 4861 5219 5059 4999 5139 5054 4840 4846 5280 4887 5100 4868 5277 4902 5213 4940 5003 4823 4948 4824 4919 5093 4994 5232 4838 4876 4947 4815 5099 5291 4830 5145
5271 5100 4824 5093 4823 4876 5219 4868 5145 4948 4902 4919 4846 5213 5054 4815 4838 5280 5059 4861 5099 4947 4830 5291 4940 5232 5277 5003 4887 4999 4994 5139 4840
5272 4823 5280 5100 4887 4838 4902 5213 5093 4846 4824 4940 4830 4999 4876 4994 5139 5003 4947 4861 5219 4948 5099 5059 5232 5145 4868 5054 5291 4919 4815 5277 4840
5273 4830 5277 4948 5054 4846 5093 4876 4838 5219 5213 5003 4947 4840 5280 4887 4999 4824 5232 4994 4823 5291 4868 5139 5099 4815 4902 4919 4940 5100 4861 5145 5059
5274 4830 5277 4948 5054 4846 5093 4876 4838 5219 5213 5003 4947 4840 5280 4887 4999 4824 5232 4994 4823 5291 4868 5139 5099 4815 4902 4919 4940 5100 4861 5145 5059
5275 5145 4840 4947 4948 4823 5054 5003 4999 4940 4824 4846 4861 5213 4902 5219 4830 5099 5291 4815 5280 5100 4838 5093 5232 4868 4876 5059 4994 5277 4887 4919 5139
5276 4861 5232 4824 5145 5213 5139 4947 4823 4868 4940 4994 5100 5291 4846 5277 5059 4815 4838 5003 4948 5219 5280 5054 5099 4876 4830 4887 4902 4919 5093 4999 4840
5277 4876 5145 4830 5054 5003 4994 5100 4838 5291 4824 4868 5139 5059 5232 4999 4919 5093 5219 4823 4840 4940 4887 4861 5099 5213 4815 4947 4948 5280 4902 4846
5278 5291 5003 4948 5277 5054 5093 5100 4840 5219 4999 4876 5280 4887 5232 4902 5145 4823 4830 4868 4846 4838 5213 5139 4861 4815 4824 4947 4940 4994 4919 5099 5059
5279 5139 5003 4948 4868 5213 4815 4994 4887 4902 4830 5054 4919 4999 5099 4940 4823 4838 4840 5219 5277 5291 5100 4876 5232 5145 4846 5093 4824 4861 5280 5059 4947
5280 5139 5232 5219 4830 5213 4919 5100 4940 5291 4824 4947 4823 5093 5277 4902 4999 4861 5099 4838 4868 4994 4876 5059 4815 4948 4887 5003 4846 4840 5145 5054
5281 5059 5291 4919 5219 4940 4999 4902 5054 5145 5003 4823 4815 4824 5100 4840 4830 5232 4838 4846 5093 4861 4948 4887 4868 5213 4947 4876 4994 5139 5280 5099 5277
5282 4887 5054 5100 5232 5099 5291 4868 5139 4948 4830 4815 5219 5145 5003 4876 5280 4940 4861 4846 4947 4994 4823 4999 5059 4919 4824 5213 5093 5277 4902 4838 4840
5283 5054 5059 5003 4948 4940 5291 5100 4919 4999 4815 4876 5232 4902 4840 4830 5099 5277 4824 5213 4994 4861 4846 5219 5280 5145 4887 4838 5093 4947 4868 4823 5139
5284 4902 5280 4830 5054 5003 4846 5100 4838 5291 4824 4868 5139 5059 4999 5277 4919 5093 5219 5099 4840 4940 4823 4861 5145 5213 4887 4947 4948 5232 4815 4994 4876
5285 5291 5003 4948 5277 5054 5093 5100 4840 5219 4999 4876 5280 4887 5232 4902 5145 4823 4830 4868 4846 4838 5213 5139 4861 4815 4824 4947 4940 4994 4919 5099 5059
5286 4947 5054 5219 5100 5093 4948 4830 5139 5003 5291 5099 4824 4838 4940 4902 4876 4846 5145 4919 4994 5059 5280 4861 4823 5213 4999 4868 4887 4840 5277 4815 5232
5287 4902 5280 4830 4861 4846 4823 5100 4868 5059 4815 5213 5277 4919 5145 5054 5291 4840 5139 5219 4838 4940 4824 4999 5099 4947 4887 5003 4948 5232 5093 4994 4876
5288 4902 5099 4948 4838 4999 5093 4940 5059 5219 4919 4846 4840 5003 5277 4876 4947 5213 4887 5145 4861 4824 5054 5139 5232 4815 5100 4830 4994 5291 5280 4823 4868
5289 4902 5280 4830 5054 5003 4846 5100 4838 5291 4824 4868 5139 5059 4999 5277 4919 5093 5219 5099 4840 4940 4823 4861 5145 5213 4887 4947 4948 5232 4815 4994 4876
5290 5145 4868 5003 4902 5291 5059 4846 4999 5277 5232 5280 4994 4830 4940 5213 4887 4840 4861 4947 5093 4823 4824 5054 5139 5099 4919 4838 4876 4948 5219 5100 4815
5291 5219 4815 5145 4919 5054 5059 4887 4868 4830 4940 4994 5003 4846 5093 4876 4823 4838 4948 5099 5139 4902 5277 4861 4824 5280 5232 5213 5100 4999 4840 4947
5292 4846 5291 4948 5099 5219 5213 4902 5059 4999 5277 4824 5100 4840 4876 4838 4830 5280 5232 4823 4815 5139 4940 4887 5093 4868 4919 5003 4994 4861 4947 5145 5054
5293 5059 5291 4919 5219 4940 4999 4902 5054 5145 5003 4823 4815 4824 5100 4840 4830 5232 4838 4846 5093 4861 4948 4887 4868 5213 4947 4876 4994 5139 5280 5099 5277
5294 4947 4861 4824 4815 5280 5145 4887 5099 4830 5213 4994 5232 5100 4838 4948 4868 4999 5059 5093 5139 5003 4823 5219 5291 5277 4940 4840 4902 4876 4919 5054 4846
5295 4830 5277 4948 5054 4846 5093 4876 4838 5219 5213 5003 4947 4840 5280 4887 4999 4824 5232 4994 4823 5291 4868 5139 5099 4815 4902 4919 4940 5100 4861 5145 5059
5296 4840 5059 5100 4947 5219 4830 5213 5280 5139 4815 5093 4940 5099 5277 4876 5003 4861 4948 4823 5232 4868 4824 5145 4846 4919 4902 4999 4994 5054 4887 5291 4838
5297 5099 4999 4887 5277 4823 5232 5093 4861 4948 4994 5054 5059 4868 5219 4940 5139 5145 4815 5003 5291 5213 4846 4838 4824 4840 4919 5100 4830 4902 5280 4947 4876
5298 4948 4838 5003 5145 5232 4846 4840 4999 4940 4876 4902 5099 5280 4824 4994 4868 5059 4830 5139 5219 4887 5291 5093 4815 5054 5213 4861 5100 5277 4823 4947 4919
5299 5291 4815 5100 5099 4947 5280 4824 4948 4838 4830 4846 5213 4823 4999 5219 5277 4840 4861 4887 4868 5054 5093 5059 5232 5139 5145 4940 4994 4919 4902 5003 4876
5300 4947 5100 5213 4830 5139 5277 4902 5003 5093 4840 4815 4824 4887 4838 5280 5219 4823 4948 4994 4876 5145 4940 5059 4999 5054 4846 4861 4919 5099 5291 5232 4868
5301 5232 4815 5099 4861 5213 5139 5280 4840 5059 4999 4838 4902 4919 4868 5100 4887 5219 5003 4846 4823 5054 5291 4876 5145 4824 4947 4994 4830 4940 5093 4948 5277
5302 4902 5280 4830 5054 5003 4846 5100 4838 5291 4824 4868 5139 5059 4999 5277 4919 5093 5219 5099 4840 4940 4823 4861 5145 5213 4887 4947 4948 5232 4815 4994 4876
